96.27976190476191,7.0436507936507935,57.54393160678306,9.50943682112133,0,14.2181309176386
155.60667241945637,17.262791828610265,18.97379000196466,25.09714950259872,0,11.7021025743303
151.69639104060624,36.01269094367641,26.563784043453836,32.24821519678553,0,16.2597938589408
128.54353744279788,40.69339820886814,49.39410344096192,21.414212534731963,0,14.7049242580977
30.465646070427244,39.83277007833589,38.212691409018504,27.616429121872997,0,13.6564695997077
22.00615248193747,38.39857965404068,36.56616763419646,21.474821476425255,0,11.9526116933712
24.569791259700633,16.7560872988182,23.333410827939215,31.464750964948344,0,13.654247376595
55.2137655429864,30.369908231065992,59.821428571428584,10.515873015873016,0,13.3044920079272
58.15118226853272,24.49402150385049,62.01551385572225,9.856991695817923,0,14.8718462808179
139.1653626037359,7.861313329174639,24.017253371137677,31.086166119743115,0,14.8151976958435
