29.563492063492063,9.9877706997767,17.17361373602384,38.74734834784235,1,18.2916854540968
42.31150793650794,14.145122089174315,17.71466937991296,32.506692332643695,1,15.1014631103274
54.861111111111114,18.005952380952383,24.6031746031746,27.628968253968253,1,13.6584438985351
52.69093225578565,14.585615666764864,46.022029145243245,23.717461288709018,1,15.2346856370452
71.6765873015873,8.393822811724903,30.13516617673578,29.121292574448074,1,14.9116437224087
82.31110732870867,9.697420634920634,50.4461518371839,36.23511904761905,1,19.1439078598028
93.3388719344347,9.611015043449141,35.53733703750112,24.747299659045343,1,13.823778664142
101.68650793650794,9.67261904761905,51.30783545975047,17.385912698412696,1,14.2263097287189
141.00567558802908,27.0926040764927,13.855435523082033,31.215927669539045,1,14.9617485305718
122.42488803832626,33.49142290523879,21.533020888215184,30.904874432480618,1,15.2119093243005
61.469005820859465,35.51587301587302,17.8960735442199,27.75072301136517,1,13.1470142993802
27.430555555555557,44.83663961703477,43.53635529106876,24.874871223207236,1,14.5190316858124
61.799377121255574,58.92560035600844,64.22184168596836,9.055550437642355,1,15.2738295281751
