23.71031746031746,28.10019841269841,17.01388888888889,31.226521847594302,3,15.5071640366933
39.93055555555556,21.23015873015873,14.831349206349206,29.389880952380953,3,14.2821349486574
38.228697224984295,8.270613414444291,57.05900118771412,13.029193801136149,3,14.07965709588
66.96428571428571,14.58014235080612,19.880208756718055,31.064929235561593,3,15.662871850033
53.485139371710765,38.725499505397664,46.5646136177974,22.26149579181121,3,15.0140290648961
51.78279062436258,55.10912698412698,57.44173194199648,8.581349206349206,3,14.2896652297986
100.93509930222993,46.92357969929294,52.47654252867554,19.05596175788377,3,15.065841269111
107.29166666666667,19.94047619047619,29.613095238095237,28.614422484762127,3,15.1625372614106
134.92063492063494,5.9782430899921355,21.98963119271379,27.179830628024018,3,14.6354236002788
131.69642857142858,26.711309523809526,17.21564333674062,28.397817460317462,3,14.5631545711861
146.875,37.84515039957722,30.026656775345938,35.88996864804183,3,19.0744159330048
