32.33349826392749,36.14203506398296,18.15123999352853,30.998981070484376,3,15.0278655824419
45.3791779226556,41.19717867908321,37.292395646116944,26.028403836889122,3,15.1707472388147
114.98437603982714,58.705357142857146,57.819686887616115,9.10218253968254,3,14.7842524615607
51.041666666666664,29.909644957384817,32.73809523809524,27.431624883885025,3,14.995577736539
65.4265873015873,32.35471892826946,29.06746031746032,32.5380706405035,3,16.8154685428556
49.95039682539682,19.37003968253968,50.09920634920635,25.294035219312125,3,15.9588843973808
64.54588633275235,18.303571428571427,50.899789323999954,22.42063492063492,4,15.6574839592417
157.14285714285714,6.703606153081907,23.41269841269841,29.258695434219682,3,15.5496342692062
147.2718253968254,8.457341269841269,34.393942919883074,28.12500065369756,3,15.5754351917579
125.7460430587406,14.918608814308218,46.93068508207211,26.01883022673828,3,15.8995176939397
87.74801587301587,42.218892483795635,33.035714285714285,32.751284024663434,10,17.3162572038338
99.85119047619048,40.46041215348209,52.601823748877074,19.0072826191812,3,15.1048724826546
165.5753968253968,31.17559523809524,12.003968253968255,30.27456237921519,3,15.0391548416512
