154.11262690283536,10.962301587301587,26.641341351132898,30.578055211364724,3,15.5049987410672
80.9013758614397,7.366071428571429,67.46171937665554,8.159722222222221,3,16.2179271008758
146.9246031746032,11.979166666666666,15.625,32.857032814642025,3,15.8237851316541
130.55555555555557,17.1875,20.217979981219877,29.118372110885915,3,14.2465861575083
106.52173816133103,13.311623201548267,40.89889675930388,28.355043465118403,3,16.2987535356037
31.398809523809522,6.746031746031746,28.918650793650798,30.45634920634921,3,15.0506257858533
58.283730158730165,8.551491109960656,17.063492063492063,32.12311206464252,3,15.436798138605
33.035714285714285,29.654739386851737,70.72930219058507,16.178593946481598,3,16.6738479645768
154.51388888888889,31.79563492063492,16.418650793650794,34.173960012305706,3,16.5877586390567
117.37329637298456,36.83035714285714,24.868040830449466,29.09069078651214,3,14.8437699974842
