144.86091325872587,21.478174603174605,26.70606443503717,30.50423616488661,3,15.7573297054109
156.3393632761656,16.00457896606827,20.19833513653282,32.879349605360304,3,16.0200971434757
122.58640591696526,25.942460317460316,25.925498844939504,29.960317460317462,3,15.716404143996
98.02190333366141,38.19444444444445,34.51777920602114,28.41137063180618,3,15.7910487174295
73.28614953858957,42.47459495711744,45.67588193152553,26.972956205031114,3,15.947220859072
48.31349206349206,48.28869047619048,50.44642857142857,22.31516643751872,3,15.6584851134993
121.42683314957294,16.567460317460316,22.025547802808013,26.84940798256129,3,13.9389109189487
94.31914473610895,16.317151459355703,27.258236216271996,28.276102508898266,3,15.2054830391723
76.48809523809523,17.502175894219715,15.426587301587302,38.45020505816124,3,18.8924988466267
25.126422023477634,8.060515873015873,65.76027044695388,12.772817460317459,0,15.4381185862188
76.9129405677855,13.298468852569009,35.174692303413266,29.905896226796074,3,16.4254035451502
