36.21031746031746,7.465277777777778,62.369209238102286,7.638888888888888,3,14.5564000086618
28.075396825396826,23.660714285714285,17.520591085342467,31.252035124071327,3,14.3752104425412
38.98809523809524,25.61327249573501,24.503968253968253,31.75577513694615,10,15.3813744186283
82.61340760020616,16.406830669259747,36.83783422336108,28.946393611232548,3,15.3506782227888
143.50198412698413,9.653108931840817,40.17857142857143,29.037367258635374,3,16.459089670578
63.14616107877242,30.282738095238095,19.244711937100593,30.803571428571427,3,14.5298082688235
50.691856804652936,49.107142857142854,58.683143195347064,19.984223616991684,3,15.6983991104327
106.54761904761905,60.693687047418564,66.02182539682539,8.849963746232229,3,16.1285727465825
127.50776336246155,48.38095302662592,55.706365497037446,20.39831728204121,3,15.7423736534249
97.0734126984127,37.802338048383575,41.23189727696961,23.904011157965634,3,14.6103000938633
127.23542754628497,20.014880952380953,32.933223247365824,29.546541016108613,3,15.8475549575083
141.15851322461128,28.242064093687162,36.867280426182376,27.198722436927657,3,14.8935991851706
