36.11111111111111,37.34132353780907,14.98015873015873,26.7915334615567,3,13.4476793296727
42.26190476190476,24.398822025090873,16.121031746031747,31.418323945465165,3,15.7928725219712
22.51974294235771,8.63095238095238,64.28950697123706,9.722222222222221,3,16.167830476698
42.66242451676936,4.439771987151851,40.77011516577033,21.6765873015873,3,15.0298456900757
74.00011573995062,39.462700874203165,58.395317581842264,12.794243570241278,3,15.8821739159999
73.11507936507937,23.784722222222225,48.610687739654324,21.70138888888889,3,15.8511153100923
47.61904761904761,22.14781746031746,54.4095605014449,9.064602838513274,3,14.3310542470049
105.30753968253967,35.32511215251376,14.609767541265336,29.82654361631734,3,15.3763760676307
152.03373015873015,19.50648875490461,13.43413929695596,30.489727784911246,3,15.9119561582005
157.9553174759337,17.79416462674051,19.475238079621864,26.433659054150155,3,14.7092311503112
146.73976132178416,37.05357142857143,18.885238678215856,31.150793650793652,3,16.4509563198675
115.84399416989103,30.540036429696464,23.19370424280738,22.035603813391543,3,12.9489461604
139.73214285714286,14.930555555555555,12.251984126984127,30.778769841269842,3,15.9515070476437
120.055918238474,9.970238095238095,51.59198302467388,7.490079365079366,3,14.226548838598
