14.646504503809219,25.22321428571429,14.009509113044052,32.91170634920635,3,14.9980033021378
22.71825396825397,31.894841269841272,20.100271355356245,31.340349471468002,3,14.1963362516472
36.30952380952381,24.677579365079364,15.576500643730256,34.28292720853968,3,15.7913251223978
54.86984724973778,23.115079365079364,25.822287961505463,22.59424603174603,3,13.0206509179861
71.6765873015873,17.158936904485774,25.545634920634917,32.635482207361264,3,16.0824583310922
86.25992063492063,16.319444444444443,14.53373015873016,31.02678571428571,3,14.3586019382552
101.73611111111111,19.700327293898745,16.716269841269842,28.385722710522398,3,13.6147820052639
135.5828088178689,19.32043650793651,16.653546745632347,36.63632555242368,3,16.9911533674851
150.0,15.289411380055123,13.640873015873014,29.874279096135353,3,14.3689568584375
94.7420634920635,10.292658730158731,13.432202045570687,27.455357142857142,3,13.4756032089194
