16.21684438794448,25.64484126984127,18.902203231103137,32.79341032975897,3,15.9425155262353
35.63863501802453,52.20734126984127,63.766126886737375,10.615079365079366,3,14.9447398957607
20.535714285714285,22.04720361692479,44.398745888416826,16.345653525932352,3,13.4101530769567
49.3314052669889,21.08134920634921,41.0094363617598,28.575215561117755,3,16.4338807518298
42.30291302385941,14.791323215987822,55.15171351739722,27.61528537601546,3,18.6057417057869
59.78876081948874,8.015264778618342,31.233064577336663,24.02838601503245,3,14.5716023521091
67.47488330264129,6.346850046944955,28.71130687730249,25.845152328669897,3,15.3735814029101
86.65923980482098,5.636155161793812,22.814966544385364,30.202836352344164,3,15.7685431488328
96.08134920634922,5.4811507936507935,51.33928571428571,18.17956349206349,3,15.0464296771017
136.81930191839888,30.357142857142858,20.07553935144239,32.765728552207875,3,15.8729750563416
118.85307533690914,30.226394503109706,28.31954371070991,25.0315420048268,3,13.8227224281457
98.27856542725627,12.871731395728208,37.09386350352602,26.14431887405062,3,15.6060909640179
