18.40277777777778,27.46610585685352,15.841555789342026,27.038029542860503,3,14.8964492051782
44.642857142857146,28.660249010155002,17.311507936507937,31.80602083111484,3,16.9875351504926
65.75419027358139,43.57908695753408,46.024994622621016,17.387082947303107,3,14.9648133007718
67.92809901639089,39.61181347708726,39.9092025709107,20.573149565273297,3,14.7011163805755
143.7996031746032,39.01289682539682,13.244047619047619,28.80048729185868,3,15.8275723800134
53.81944444444444,23.33829365079365,18.253968253968253,29.563492063492063,3,16.0595939683166
44.247011492292984,24.528769841269842,51.60138328439374,20.808531746031747,3,15.5201626489316
85.16865079365078,30.357142857142858,47.27182539682539,19.11087380307878,3,15.3733377744236
66.66666666666666,0.1240079365079365,25.793650793650798,30.336585996188457,3,15.7176990607391
113.12348476216656,24.528769841269842,31.668181904500116,23.96029713808184,4,14.3151852844283
99.75198412698413,11.547448195447956,50.925677542305024,23.571599423599665,3,16.1845069028737
94.12602859252223,5.679563492063492,50.06125025457124,17.86047710190578,3,14.6856177855006
139.93055555555557,7.512280433207854,15.922619047619047,30.136529090601666,3,15.1206353138339
