19.1468253968254,21.337907843751104,40.44948249553701,43.865465172121915,8,20.1166904145575
28.751815161886913,14.384920634920634,29.045195838679405,20.071644270273932,6,10.8334265194347
26.327803393247066,9.74702380952381,50.50751406707039,12.858872293051395,8,12.5631569165327
67.26718159938781,11.152101066374255,24.201072368866157,30.866944339588116,6,14.3303528927553
45.726166107030636,24.3260588156033,20.932539682539474,26.438492063491804,8,12.479314295753
89.16487981169047,8.97514957389442,12.653519932839725,19.322979397440662,6,9.37439305718874
89.6982653219702,10.391865079365079,28.380699964894923,18.256403757094493,6,10.6788477371692
81.53810939382484,14.706513828759865,44.26149593359231,22.722029405176976,8,14.243790861252
88.76527620608925,24.739091912222374,31.096260178470388,23.84594409951031,8,13.030832912284
135.41666666666669,13.25902201740764,39.79147490061894,27.697636281077052,8,15.5912623648825
112.44591770223067,11.708513427327947,34.09212354964201,25.501830862669113,8,14.7902519018546
146.13095238095238,33.460185552567474,32.63223625061755,14.095088153302829,6,10.2448778043761
111.99228626498316,42.55952380952381,55.66644389374699,10.614350655807545,6,13.6419116482003
127.70463848658731,43.77592169242405,41.46915721261279,23.833205291702935,8,13.2742052725647
82.54500840847476,59.90615415437627,70.4336869401632,10.753568067845952,8,16.0144356100678
