37.227601415887,57.4404761904762,54.93509699681142,8.382936507936508,8,13.3691533012899
38.64513105311638,28.89265814221871,17.650387567508577,29.54903192271957,8,14.2916887038393
42.85678005665742,17.493902362189875,16.506713541405365,28.804066383291943,8,13.9573163909375
60.06642117754005,31.68987623078884,26.778626873898926,25.049603174603178,8,12.8457991556389
73.71118431624969,8.059417618402962,40.349099213007136,21.739523100431335,8,13.5433936832009
95.18849206349206,9.488213680711619,64.58810451482277,20.438919616424315,8,18.859599862005
137.4373860654077,16.889880952380953,39.19150484426997,12.003968253968255,8,12.2415301847334
118.46082653737709,29.31547619047619,59.68201388450194,7.638888888888888,8,15.6118865895836
120.57606042351081,24.13096738918416,21.9454757755289,23.365129194970116,8,13.96148189655
93.58164189484351,18.160134987147025,24.074955904690704,28.097307259774166,8,14.4809246714066
122.35030631253937,39.501876662841134,15.084222617092912,24.85693613533491,8,12.2651975317313
151.24007936507937,37.08340014615723,39.319226741934834,26.9326486240094,3,16.1282058165476
