44.660375332226465,5.955123756619286,25.59374860003753,37.06667812297388,1,17.7170956995438
52.445675196539824,31.664268755408223,20.81084547586277,33.60201929845599,1,15.4533998998602
54.70399123909804,27.484653875339966,41.120351803872815,33.505551047558725,1,18.388286095436
77.17851293770227,32.70257423219615,62.39873010523386,24.093060688438772,1,17.8567498852963
50.607121732269036,16.867905013615346,63.636574985288696,25.55564043060007,1,18.9464473417758
87.91358525690119,16.319444444444443,50.71010137011813,31.349206349206348,1,19.1909223249958
118.43111825024744,2.6879068522015768,48.210675504992246,31.97507263397273,1,18.8160504454343
138.29365079365078,23.55857612480661,24.37535033660798,35.469201652971165,1,18.3912069528422
139.96489545803726,6.423545846657962,25.274101210774667,35.39388348242914,1,17.6619786779649
159.86789770781354,6.101190476190476,21.17412931559456,32.0754028848714,1,16.8463811182982
167.26190476190476,30.87797619047619,14.140080373664071,34.601571879060266,1,16.8685841577104
