35.01798788056296,6.635116638236765,51.344132003123576,30.40424406636582,1,18.1722094502579
33.35218339271332,36.532738095238095,23.50701503877359,36.96103353741001,1,17.9191103802328
55.63913090241185,41.051559136644386,61.25910070097738,23.659235364343417,1,18.7210811505177
73.17942272936006,23.717752565171068,23.858414527966847,35.198525136938734,1,17.7217828158774
89.78174603174604,20.72041841824923,15.565533423730994,39.079182671501904,1,19.3061856263313
103.42586033908476,29.53617005411504,16.193070273534648,35.89041724747226,1,17.6387407955662
111.53663764306742,7.103614338028541,37.7508292401325,29.993217877320358,1,16.9849953046732
116.800822801328,35.739087301587304,17.124487182723403,37.1031746031746,1,18.2139297160814
131.0515873015873,36.7631949604594,33.5686586053361,29.982731621851357,1,16.5532651243459
163.35781241120114,33.60615079365079,14.010593562558968,32.30430186987083,1,16.4941015756993
146.74847608242652,13.93208680222912,26.257804081625935,28.83555704072239,1,16.7116660147477
