36.62422918080101,10.215213129427314,73.5978832995911,14.977105444863948,1,18.7386486530321
35.267857142857146,21.66582705038142,16.93604651748501,38.7575008162681,1,18.5896929279609
47.13418527311748,28.88548250212394,27.867750206872046,39.34368416454273,1,20.2522173878007
56.732527155451585,21.511087115825006,31.01548871756429,33.3908913334517,1,18.0195114025374
77.16136273143867,22.099128811939764,21.99619681296629,40.872101346790394,1,19.9327882027745
85.53480650222444,22.97318424778749,39.40930879237033,32.22608431638251,1,18.6145142124327
87.81973435660275,29.98631427738261,27.97664761381166,35.092877316312574,1,17.4915626868983
110.19144810908365,23.97083707699482,23.936617785173034,34.322675671621006,1,17.6754915451926
122.35936375100887,12.574404761904761,18.289837925168207,32.986111111111114,1,16.7204252657037
133.03571428571428,22.395833333333332,25.3232118721462,38.510523064689,1,20.2375049098799
139.26070994746794,20.287698412698415,36.206584218451724,35.07966178764896,1,19.4303614933413
156.212138868252,10.01984126984127,25.05172424545149,32.371658059833884,1,17.2008556798157
