33.33333333333333,6.6629064483916,27.11602572827595,37.955149107163955,1,17.6449338479216
42.07029813485105,5.580357142857143,24.020790517270854,35.638868576994305,1,17.3518541724505
54.31547619047619,10.15841569513596,23.08020357629242,38.94612994064496,1,18.677669793727
68.44213631135973,15.029761904761905,18.561831942608524,39.91315506798166,1,18.8211149161373
80.305891399543,14.682539682539682,29.02462084442555,36.85408124921508,1,16.5763965160322
84.31888921614214,11.604059423983756,40.757353167944565,28.407671031079897,1,15.9483876590342
68.20436507936508,6.746031746031746,74.99497878500965,11.383240389708865,1,18.8578832713387
107.09817593453216,18.702476204564757,27.81284740510565,39.62413567662209,1,19.2415443819049
132.51369858403064,8.241044027279935,36.607722957304226,28.72781284653926,1,15.7602238223369
158.03571428571428,14.608134920634921,17.058326085535462,33.12114180422891,1,16.3737801013596
150.9096724753975,30.59161799297307,25.47843032924826,35.85183438797931,1,17.5541317263658
122.49124283633851,30.80636765053561,33.06842918136568,30.622962870823535,1,16.6327789426733
83.77221293134718,50.367248852030706,66.60880207895242,14.403660664966575,1,17.5783893442393
29.531591207914936,53.597326734328796,79.54776381690864,12.410005637731953,1,18.3683090328754
