35.52866987690999,9.945436507936508,19.46082047911706,34.908015885113905,1,16.4004692934955
42.335862058443425,30.56853734981154,18.29384097943465,38.174392656065166,1,17.3103136204797
58.13492063492064,15.079365079365079,16.94656445944264,36.72193422364489,1,16.8726801243615
70.89072510228542,7.079912962103445,40.80940151778223,29.881078120660668,1,16.8774190880492
73.30425822808499,25.694444444444446,21.23939256556581,36.85612831468943,1,17.0456408287429
81.87294527649232,32.83694124989682,17.333403929856885,34.147964048649406,1,16.298760484937
95.2205399634534,37.12743356469809,43.24199504157787,28.860573954966817,1,16.7409099523765
90.8234126984127,19.904027324369792,50.76463242395592,32.40252029467783,1,18.3100791319063
100.73343560828107,39.85387353666365,58.28302185160569,18.83844640437514,1,16.3808706787049
135.76388888888889,29.81662936527391,20.88293650793651,38.759759523614974,1,18.4493400904573
163.78728984682965,32.52557926066119,16.6413511807029,35.609639937650684,1,17.6013265244596
142.09995553259498,27.51467918907545,28.48494308865307,29.44454223525663,1,14.8768122818582
119.5334167799277,6.845238095238095,27.39909556125667,31.69246156756772,1,16.7255811654971
