4.811507936507937,1.4136904761904756,157.04365079365078,30.307539682539684,9,41.4020276832255
89.98015873015873,15.873015873015872,57.787698412698404,7.676134823274023,3,15.1004909815358
112.45039682539681,21.230587492313738,62.598465305756854,9.715825848306828,3,16.2426650734374
110.96230158730158,34.33167565403062,59.16450777234324,9.54233228247732,3,15.5585271456278
53.40093306229286,30.158730158730158,57.41255900119921,12.127976190476192,3,15.3255566253133
107.78769841269842,36.507936507936506,55.60534056655292,11.278579098906324,3,15.0384635701643
155.76724774684604,44.85192382235254,23.44902209442381,27.85522996992778,3,15.9705408937731
100.54632504862853,41.31944444444444,56.844547967244495,13.640873015873016,3,15.2510774782626
100.9068055237409,55.97718253968254,55.681392665006626,8.953373015873016,3,14.7708574164655
83.23412698412699,45.67839145521571,55.67781316968856,11.786886322562069,3,15.1696791321943
24.609313197102225,43.727718311186266,52.56992093327667,23.226072402402593,3,16.8335643954311
