18.551587301587304,8.095970418970603,17.90674603174603,40.3439413106868,1,17.6414552569252
30.704365079365083,7.118055555555556,63.39285714285714,9.846230158730158,1,14.6577521488402
74.1542934129015,7.0684523809523805,71.82784944424137,8.064179826534241,1,16.3383860650139
35.317460317460316,29.194440935634326,21.378968253968253,36.88409846495089,1,16.4314964296408
49.007936507936506,16.205185620519067,17.410714285714285,39.652434787158725,1,17.8277635517212
65.27777777777779,16.36904761904762,15.674603174603174,36.06150793650794,1,15.8294896865453
84.62106606073608,15.480795376033557,38.047584732914714,29.996287839348152,1,15.8828184687422
61.60714285714286,55.307539682539684,70.70638959971559,10.218253968253968,1,15.9350505302819
104.86111111111111,60.434966210080994,78.42261904761905,7.967811567696789,1,17.8860731479665
71.23015873015873,44.74206349206349,75.26357453496465,11.783981698560243,1,17.0522876187923
111.39684065937925,48.617743659463954,76.88511090387082,16.01519284847255,1,17.403197503084
111.01190476190477,15.608298061812523,36.25992063492063,38.998131507175806,1,18.4719430925305
130.82344241286782,14.856150793650794,27.544076115367037,38.357287718024416,1,18.1633871618053
146.63271491942936,26.26488095238095,21.65420589691608,35.54067460317461,1,16.7081908496244
143.98738513455552,7.198954121551816,31.728020562076242,34.345665006538766,1,16.8647488155155
