16.0218253968254,2.6785714285714284,31.051587301587304,29.062162543978708,0,14.4971249066134
24.577580956713916,15.45138888888889,49.3888061400462,17.21230158730159,0,13.1039418252706
88.39285714285714,6.62202380952381,55.75396825396825,4.166666666666666,0,13.6012598134039
81.54761904761905,8.213440476776649,58.988269854131616,9.767710316874144,0,14.5437566863971
140.07936507936506,16.0218253968254,56.25,14.680236112226446,0,15.4118861312416
159.82142857142858,30.422560300274252,20.58531746031746,30.713352398138444,0,16.3240996162032
78.11962378311362,11.976466021508955,58.91740232272041,16.19813715309422,0,15.4476174835091
64.58333333333334,23.35770719818761,35.35987906747432,28.907018589315598,0,15.5255174301541
50.84325396825397,26.09060792115325,22.023809523809522,30.620834258943198,0,15.1830578515497
125.74404761904762,29.31547619047619,24.45436507936508,33.684288833852214,0,16.8823133223511
115.52579365079364,50.74404761904762,51.9628613902105,9.300595238095239,0,13.3625355869382
136.75595238095238,36.65674603174603,38.584790176235515,20.362103174603178,0,13.773841312807
