30.178428449878798,26.240079365079367,15.754111232660883,31.349206349206348,2,10.2797624590489
42.01388888888889,8.655753968253968,16.765873015873016,32.95467989912636,2,9.57656735141461
59.97910762854244,13.049932322022547,42.64986062542582,25.47342064187342,2,12.6534197592536
45.39279312079031,31.564053536235637,25.496031746031715,28.621030232262967,2,9.60350827035756
67.70701269775351,22.116902765185074,14.792753265983697,30.642131765251957,2,8.8498574336043
79.16666666666666,30.6700606530103,14.781746031746032,36.14541553746589,2,10.9297604357567
137.08527369461308,33.55654761904762,16.504513169999047,32.76289682539683,2,10.1334123438143
100.7578933754475,25.99713510420677,16.900836783282674,26.13580140372974,2,8.66550906817774
110.22300121162843,18.799603174603174,18.507858004376914,32.06845238095238,2,9.68682124694291
127.0714587782033,22.20597477632469,19.313021017568698,31.058173424523293,2,9.91309488410476
142.21230158730157,26.25046050022871,26.60304813914407,27.816999817231608,2,10.6142826476451
135.48207997528513,10.962301587301587,31.373449826149667,28.02065897171777,2,12.2649006822343
