118.20436507936508,7.720772108660379,51.98412698412699,18.196886621498354,7,9.30698627618975
47.32142857142857,9.560819209438218,77.69008002645748,13.876680790561782,7,8.83330154571445
154.86111111111111,27.430555555555557,15.079365079365079,35.51587301587302,1,17.6681743207902
139.53373015873015,24.60503121006386,15.42337084739793,39.482270377237725,1,19.8721400481952
122.4661932958598,27.28174603174603,21.085394005727505,36.011904761904766,1,18.5688112008001
106.89484126984128,27.752976190476193,28.174603174603174,34.98468850950099,1,18.6560000021445
87.45434344441591,30.133928571428573,38.45372389701865,31.6468253968254,1,17.5339339442092
83.59200463421989,39.335317460317455,38.98463862033504,34.72222222222222,1,19.3799980480686
63.25982792535348,29.427824960605037,26.075489534963985,39.938180117500735,1,20.0551802097966
55.85317460317461,25.82856852469366,20.684523809523807,39.29899840889092,1,20.1796822679248
35.906099492827956,23.38553824615512,24.65937669764823,36.287778954629886,1,18.1458615025184
29.71230158730159,25.272817460317462,15.438373393173924,36.135912698412696,1,17.9469744728946
