53.67063492063492,36.03670634920635,17.113095238095237,29.34027777777778,8,13.743491543644
77.8839450175137,57.518604979056,52.93451006429499,8.800839465388446,8,13.2115711117359
110.92523902081996,55.07422467315752,60.18063678683803,11.59611660858341,8,15.4189986611815
137.82167840380868,45.74903959156974,36.973014872230046,23.796494317936084,8,13.9285688025628
124.44165792862123,50.55055478919802,39.38661745061353,8.156074963958995,6,10.2757269357128
98.01816178807802,41.50490125846556,43.67403944665229,15.993387817496345,8,12.7340971565362
100.98639117520285,34.00035469555935,12.832676957368081,24.916244054447535,8,11.9726904461703
73.58493195868013,28.711802654076184,16.91274148944696,31.153395568851185,8,14.8794836654314
37.95347405118197,24.9374136508097,36.94256911667255,23.490157161655922,8,13.5874743176021
32.333238709069235,13.603444473521138,37.1812755942468,23.23829724640424,8,13.402643521071
75.89285714285714,9.375,53.65544722548907,8.110119047619047,8,13.5660980988296
108.87896825396825,16.26984126984127,54.41468253968254,10.172201450485785,8,14.3183887534243
86.70451112313673,20.504231971580083,29.24691436605469,23.62863790064092,8,13.534283663248
