32.142857142857146,9.407815395170111,34.38675901703231,24.121309584275316,0,13.6903367152462
41.796640264071634,16.53876623055259,24.429869259551083,26.234012146757653,0,13.4099124522138
51.14087301587301,36.999011007631715,24.334174600294837,29.413878631950254,0,14.8959674683048
70.79196002324144,34.72051561148248,22.710024103742686,31.626279530281693,0,15.1533945483049
96.37896825396825,43.74517023247192,34.67542266392426,22.64867897387729,0,13.5802315857952
123.75992063492063,36.76961724538632,25.64484126984127,28.904438239535917,0,14.9518534962157
138.0033907013741,35.77923242484225,23.342954954831715,29.105056611663244,0,15.2282415643508
65.98312194945028,12.2623072186998,39.59684569208293,16.431068140669655,0,13.060912864201
69.00639594979529,9.975461232362212,37.33541543773926,20.07563633284011,0,13.017366970189
100.70583659360966,10.90350884483975,25.38725461809394,27.728652121146034,0,14.0860101175747
126.93104726988389,9.903707203550173,33.889236488042165,19.8312014404583,0,12.6086896527454
132.8127287525293,3.266279733123123,41.82062364770591,18.544222791450917,0,13.690360539594
