47.073412698412696,6.919642857142858,72.1654524880044,9.375,2,17.0518448648141
31.668355137064502,41.57654017634796,49.84932100516193,24.916515379207596,2,14.9685620564163
31.32762477032365,30.745044416787344,51.01027042471558,28.131406560957007,2,16.1490952453634
31.21732437282827,17.849553213969802,41.36904761904761,33.18452380952381,2,16.2415039669629
50.74404761904761,19.555811481588655,44.544099637798425,27.066737115781788,2,14.9381437553264
59.62301587301587,18.044156686128073,54.166666666666664,23.523303631332247,2,16.6164390984656
105.75699401400733,14.702935595346421,20.18546630345298,31.452818372907547,2,15.2206775179504
122.12301587301589,14.583333333333334,33.21869265425389,30.700593071245937,2,15.8949726526435
125.10048195276708,7.415674603174604,31.98050307686505,29.517025443492457,2,14.457674820477
142.83051274337762,19.419642857142858,19.510472535902966,29.739752761159487,2,15.1035163068429
151.65571833408313,13.169642857142856,21.523847344685297,31.274801587301585,2,15.5154740453561
126.83531746031747,42.96303010441104,49.67933554896961,18.0768489281631,2,14.5572650080999
88.27085544223755,40.068244450153045,59.26286734978001,15.121972661126017,2,15.5370707597266
97.21294484658789,52.1942574793892,64.93983293118988,10.231337758706042,2,16.3926083598869
76.65968695403284,53.760131492832144,58.95539241104654,11.368836761136105,2,14.5311492199466
