34.173789470662896,12.59920634920635,19.64565497378155,27.783800381815098,0,8.73231113439818
40.97222222222222,9.707510779404824,48.16468253968254,12.48990985551581,0,13.0157232185169
78.02579365079364,13.24404761904762,50.49772059379013,13.545448707462866,0,14.0773303931937
29.799356229065882,39.65044447502868,27.83086921413674,20.623988806184293,0,8.92333716590158
120.29555882065328,50.644841269841265,45.36558845507839,15.277777777777777,0,12.4745316451047
52.40624472783423,26.658522575112677,38.655153194230536,18.90771478522395,0,11.120110253341
65.72420634920636,21.728284888608076,23.21134373975486,20.593577079146122,0,8.61640385573727
81.84523809523809,21.5156730120494,17.559523809523807,21.855155784152487,0,7.33204742104206
109.5734126984127,25.684315120637166,37.30693923264112,14.171835673013625,0,10.7779294553069
101.89064113268789,34.70189820692479,36.42603093373966,16.7638008930653,0,10.9328427483171
127.93108051406455,34.23080643369915,18.067164693904996,24.251336423443707,0,8.7368550983522
144.05189245968003,11.631944444444445,19.863116812941968,25.37499813150929,0,8.89501119721374
