123.51323270911867,54.58829365079365,47.188152864863184,7.242063492063492,8,12.6155225546136
117.4065670931211,37.893271858286376,36.49277021800744,18.008801969563567,8,12.6703228501685
73.63580147426379,21.773132214739174,35.654322725224844,27.860773124292194,8,14.5478400116117
40.57539682539682,27.353099332027888,11.517126950558055,30.905829239400685,8,15.264647519473
56.448412698412696,15.453526987400997,16.36904761904762,31.04944920307519,8,15.2209542464823
67.17893990891578,13.754768525935642,20.11414100409681,27.656943880633108,8,14.4575515004555
143.99801587301587,15.773809523809524,20.482675423998277,26.2520822305808,8,14.1738402967156
162.88608152939682,16.561028860784173,14.92052715431829,25.404124775873033,8,13.2731753903507
123.41269841269842,8.010732762413067,51.04565256266892,9.836111912467487,8,13.7458754246586
66.66666666666666,6.3265679651553475,51.32501559592253,17.12062153627237,8,14.4504248462451
42.623970939769656,0.11545105476375679,16.101503617006237,28.87818477043333,8,13.9211112958898
