35.45919321551937,8.234126984126984,60.07652107019492,15.625,2,15.726881363092
63.04563492063492,7.850446944337437,57.63471835354378,16.99940259406382,2,15.2623399626287
98.54119436016873,8.28958097727949,56.567932623958264,8.501093625895113,2,14.1133483562573
118.07146934768534,13.243505197928824,65.64818972109396,6.771375754452128,2,16.6328236057544
140.52579365079364,18.987230895241904,34.73657564450924,28.35803553856303,2,16.0264302226088
122.70969512643649,22.14781746031746,33.88752709578575,29.63672333686305,2,15.495097308827
146.62698412698413,38.492063492063494,36.13081523526099,28.84424603174603,2,15.6019069351053
120.07815213514183,25.76669597825341,21.93573675374705,33.23628021222278,2,16.5793530562169
102.37960749789164,15.976809677447358,19.87209276943265,34.17594289243607,2,15.5525449404432
85.1988184176409,22.86706349206349,27.251578407755932,27.31957373275224,2,14.1537973882102
53.422619047619044,20.758928571428573,44.79166666666667,28.40439665001824,2,17.0546089550718
32.951795188759796,26.041666666666664,44.771850391498425,27.346304759503074,2,16.3469224600325
33.82497723057287,47.05544056581459,54.51827673768109,18.591239947598815,2,15.0132563895703
81.62122834224525,46.926793841138526,57.62436823801826,18.650217513007668,2,15.9946375049072
