72.17261904761905,11.855158730158731,21.71681659413387,40.97222222222222,10,11.7388769445616
53.323412698412696,19.245390682938925,29.62676063478162,26.639343502058843,0,9.84109809095861
18.253968253968253,18.40277777777778,55.15393512472308,24.18154761904762,0,14.0107865342224
29.008871417922443,42.906643393188595,34.00841738070951,22.222324860779658,0,9.7646709598509
43.073336038409195,41.50605950490127,22.443906433883082,25.625704493001347,0,7.97022860069122
58.3222051013036,37.70601280777368,24.366286962188465,29.456685604924726,0,9.70784442717947
133.34797937897216,15.649517845891458,25.036607837989756,27.406037709664098,0,9.67396895052903
90.52579365079364,17.36260059930076,25.337883546893703,23.860710132942526,0,9.21613260986197
81.69642857142857,10.367063492063492,53.54440831204202,13.045634920634921,0,14.0160265206607
85.5580383520436,4.912136620854682,49.904243336654616,13.036087884380839,0,13.1834027236098
129.59933877240192,9.90499099485015,42.97010567204252,17.255101354913407,0,11.7496090613147
116.09387184861384,15.281736008260562,29.640255135513144,32.27438345498704,0,11.7306450193928
