16.61706349206349,36.13288441916913,24.90972883968643,17.810567961783253,0,11.9832596767758
40.82964341435777,33.46048023583256,33.47591214119778,21.6687859106275,0,14.3679337816819
74.05042866639185,37.88918620971121,20.854690196207315,22.800297917272918,0,14.7194286740253
104.62783480811304,39.64779545086306,36.29478423950601,13.129982326914723,0,12.6381437544598
124.95039682539681,19.141439071562925,19.39484126984127,25.62542600780215,0,14.7791300788514
77.3854889609111,26.463293650793652,49.07437194588238,14.037698412698413,0,15.1772449219561
42.30011075377952,26.470999464002606,49.87337542758497,14.30281005980692,0,15.471296566559
113.04563492063492,22.272180503517145,46.052205414281325,10.019486163149521,0,13.1328185383987
106.101226977451,11.001511348481953,39.503533124980564,19.47963944516884,0,14.0338445228036
84.27579365079364,3.096389232797549,17.920821158354677,25.2416027951309,0,13.5767640204161
21.34521732893062,5.679563492063492,46.51192552821224,18.328373015873016,0,14.0483057609595
6.474900323396449,4.489087301587301,24.455193835111537,26.3050793406897,0,14.6274205953622
