5.753968253968254,21.750992063492063,17.746835611343897,37.19505379262637,1,12.1596967027672
26.331552578544,17.187747138186158,21.58511408812267,38.30017563686435,1,12.486284565662
40.98065520353328,18.601190476190478,15.517360669482597,36.19393540775518,1,11.4177380727304
51.12346689340278,13.219246031746032,16.684072789136906,39.30633167666008,1,12.5868075979862
58.75245261667996,5.903384147430358,25.628879433967693,43.575782519236306,1,13.5225935272189
83.49459430042769,12.201383848747966,20.843379963884452,37.77958689185096,1,12.3507444350493
46.0813492063492,4.028979474419165,76.60373903379016,9.487885604945914,1,18.5657190757905
27.232142857142854,51.61210317460318,64.48412698412699,11.11111111111111,1,16.4608314093736
96.97420634920636,16.999859811656613,15.895485992349936,39.44855288675608,1,11.9598397148692
101.53769841269842,0.20519394147632833,30.952380952380953,40.81663145534907,1,12.5247255472175
121.5824972560151,15.500336073247654,19.38972496620712,33.551667992609254,1,11.3864828887134
137.5496031746032,3.290022615316784,21.23015873015873,43.53537421008004,1,13.7121455025646
