19.791666666666664,3.7648183571270804,74.83874028727699,21.58693513433471,10,19.6488870424422
22.668650793650794,11.855158730158731,20.260493178149183,38.74007936507936,10,18.284271859843
32.63888888888889,16.368200703784343,22.043723684759613,40.884332074532054,10,20.123398868028
28.47222222222222,51.14087301587301,59.741361311951835,8.654745627197787,10,15.5470538318288
53.56273706741818,19.047619047619047,25.424840795033642,32.70477937089483,10,16.4930132743197
68.88837142582015,21.55302460081716,39.296152383703664,37.87157857378601,10,20.0247668006073
143.2040979883656,14.010291859649872,20.21607309696218,34.49745919223376,10,15.8708620607395
122.32142857142858,13.724210054004025,23.351500590625225,39.2749516084422,10,18.3769973327785
99.90164364414406,17.287499335285858,41.76502302252262,32.630902724993355,10,17.4003718609437
112.72766321234953,25.71243375753848,15.725918337966437,30.93439163928692,10,15.3266010957417
140.64128001561264,27.63433460036378,25.14905797687349,35.95693524090606,10,17.7551834669875
