24.53041147128773,6.200396825396826,36.7295091636329,27.058531746031743,0,14.265157050898
55.07735558140846,11.755952380952381,24.436533307480424,27.528971081960815,0,12.7538299057385
24.03353187995261,40.43730194472346,38.70379095253414,21.487836650911547,0,12.3323910396817
32.63888888888889,44.07242063492063,44.56799235627504,25.00629948343749,0,14.7344671961137
114.93055555555556,53.48121104744273,56.78217130509737,14.0535111747795,0,14.2801810326946
151.28968253968253,23.813810942764377,21.279761904761905,31.419323977870544,0,14.755609292041
77.73376360746514,27.331349206349206,37.464319817596284,29.86111111111111,0,15.2424578625413
98.06547619047619,27.9265873015873,33.739671593063385,22.889525374071592,0,12.0188604711896
105.35467998035818,12.968481800441907,35.41912954345134,29.640645183685077,0,14.3292115584833
101.06225096259871,15.804332404537318,51.83294450536706,16.51582175171014,0,13.9905834501383
54.7559207975292,7.862103174603174,57.667079079719585,10.813492063492063,0,13.1746215540932
