35.96230158730159,28.273809523809522,31.60028069386912,30.498030791530006,2,15.7952655052809
49.2063492063492,30.778769841269842,36.36328566845372,26.90972222222222,2,14.8768405372484
68.91785011649273,42.726247527425635,44.315356820899055,21.88188739320928,2,14.5843870784958
50.753182289622444,23.678723283500865,43.562489274306444,22.197093814625784,2,14.662674927928
70.41371204889603,27.97711829466493,46.331923444725284,20.8996280557768,2,14.5630656382982
127.72817460317461,35.050758435163466,17.34405751279828,28.529064815243085,2,15.014075474433
157.16217327980848,34.375,20.251636521726187,27.668124649743017,2,14.4828098250006
110.41666666666667,33.76122519929877,19.931550440262612,26.071967207308244,2,13.5674721877754
134.89503948853803,21.69668321986705,38.07192809186747,21.023075364687532,2,13.5629476384885
129.36793772728802,16.409063772988357,48.56919660324339,21.158188898464733,2,15.9246430256911
131.26917448308248,10.292658730158731,26.720874100428095,23.59745340081811,2,13.5781735069092
106.78847545737817,11.151861183891082,26.23282851829183,28.853099133569234,2,15.6367876789804
37.52528311249124,10.846059329319715,51.65270939596801,22.545704765753822,2,16.1977998952149
41.37401331070223,7.589285714285714,66.81051049882157,7.5148809523809526,2,16.1907066254469
