38.59126984126984,23.387896825396826,23.01120166456147,28.29861111111111,2,13.9949351103742
54.216269841269835,34.970238095238095,25.667801964203413,27.182539682539684,2,13.923697167254
61.408732057187564,42.782738095238095,36.87895206420551,24.702380952380953,2,14.4443630680332
87.9138042323022,40.95558293800926,41.72303765661732,25.016639284212967,2,15.5863617782204
152.77683336829622,26.045489386910813,26.18897094714276,28.86823749010405,2,14.8656880329294
149.58843135015087,32.09325396825397,24.28313416155809,27.90066726664357,2,14.5374752162133
133.96064350415122,25.15513305214124,23.25979948230972,27.082522933992557,2,14.0043190842894
99.76155236629025,29.653744197308356,35.963152906929054,26.125025643961486,2,15.3404693488965
80.73018389912424,33.60615079365079,40.7641571095258,22.269225285342113,2,14.3745846193754
63.15108957867387,28.066099453518117,30.903192839001946,24.627967470450976,2,13.3765985392372
35.19217368435445,16.36904761904762,38.72354565796226,27.728174603174605,2,14.6531576191509
55.01419968753891,19.12334818079255,53.32763644496451,20.77231576856651,2,15.6702451823729
75.08415426286041,11.283676036077361,42.791076295437605,23.56362957359303,2,14.8537755072618
119.18735319422449,17.262065189138035,17.50746763392596,30.381784017211174,2,15.126755665535
137.71994194235947,13.169642857142856,16.049899327481803,28.420573453961172,2,14.3704445322403
155.75396825396825,9.945436507936508,20.88293650793651,29.067460317460316,2,15.0545935555991
