27.257638940779227,7.217261904761905,21.970968833650243,28.78398107294267,2,13.4414696439318
44.78537563432467,24.401535070109887,45.548606437563066,25.430853700296115,2,15.2579611952966
46.875,30.704365079365083,25.702458694932062,27.376409057990745,2,13.8418150218345
64.13120245972812,56.838736786002144,57.04935309582745,9.307096547331188,2,14.0298674083392
104.1325382846476,27.44244069982571,28.09960686105143,30.901952469672874,2,16.2952270918932
142.83784119505577,40.03208634738602,14.737552984135526,24.749659684360015,2,12.4189613774596
142.93810664071586,37.28215211437135,24.821752060642513,27.077966933247698,2,14.9876294625793
146.0432824690991,24.414585805970102,22.870513212361026,27.643945940061645,2,15.2095094805595
118.83011666412703,8.599331206157782,60.336550002539624,7.546502127175551,2,15.5975620513288
127.62559291317982,7.998714034252902,43.91138136096998,20.99434152130265,2,14.762555065385
118.65151488397431,17.713248789089867,48.82848672145567,15.479629124720022,2,14.4330103156127
83.02962668175975,9.426300356626134,61.224265804911205,13.594403889146664,2,16.2152327052564
73.75992063492063,15.79861111111111,16.690391304870992,29.27803071018766,2,14.0146109671136
78.12823413286726,6.285495535323668,17.209067454434322,27.965496528168394,2,14.1750312484237
89.93055555555556,19.744067806084335,18.639867442202522,28.197400447883926,2,14.1102791308062
98.3774274626236,15.101708162545652,35.08076017937605,25.551024445357655,2,15.153502647403
