43.52862040584514,9.961857147712358,20.29058947301252,28.455801582446373,2,13.3524900866547
31.200396825396826,26.183577975740068,20.3558239872747,32.96820773854565,2,15.3027879521096
46.102402341388675,56.06535431912954,59.70116908718276,6.770228346601011,2,14.129894359177
45.98899851597516,42.339422700942436,54.64737625049945,15.961152103210187,2,14.5018797596744
53.76071188480495,9.846230158730158,16.87420875011569,33.779761904761905,2,15.6957742809391
70.43650793650794,26.785714285714285,24.99656690180293,27.976190476190478,2,14.020386230965
69.64285714285714,15.724206349206348,30.515558639362933,28.37473582888044,2,14.6368425918932
110.99017918918189,55.56642629542113,58.19523569459057,11.174645133150303,2,15.1661268968795
119.74589948007863,33.962911172964056,40.928962907452025,26.326747533358002,2,15.1894999311871
119.514036454523,35.161331977615006,36.14072545023891,24.48648548270246,2,14.9433440675197
65.54736942274782,7.2758683668421495,34.452630577252194,28.43841734744357,2,14.9240054326604
89.53373015873017,10.466269841269842,16.120981834743244,27.625834110235953,2,12.8465846517105
101.58583826417356,14.583333333333334,20.052335083754,31.096239578567715,2,14.5873029833289
109.7767047550286,21.883366434654963,40.96734286401902,23.036084438200685,2,14.636885822013
108.30803047392676,10.897620639997944,35.36742855123768,24.71434018814702,2,13.4230955045716
129.40621440022136,9.771825396825397,18.94888322948698,28.07139802120337,2,13.6453455391874
144.69246031746033,20.262896825396826,18.367104743655897,28.3234126984127,2,14.1528991656252
154.92463116695052,12.648809523809526,14.073384706065353,29.836309523809522,2,13.5370510209168
