33.482142857142854,53.35824193301543,72.37103174603175,12.489972352698857,10,18.9338989376615
39.71625057776332,29.239836212598245,34.42941686641,26.332380093479582,10,15.3682007017038
53.51257900326735,17.75070020208764,51.052587693053184,22.31978895447523,10,17.0099703047045
96.12814614074217,42.62834134834442,36.63970205727028,19.971153150039417,10,14.2557881414807
104.01732963625953,35.370918731886185,29.326606230812295,28.370303853720575,10,15.9468613319559
131.11739184964796,41.91742332306674,16.57590786958955,19.962812121789334,10,14.747184303512
150.3128368264327,33.91740215493495,16.254623491027637,29.93076198288484,10,15.9267406001263
138.33400012620024,8.837836003465052,21.0533165718616,24.908523486513857,10,14.3272900454798
98.78022107426126,9.20632814174403,48.15865154719234,19.108822746936408,10,16.0440375084146
83.25584364613263,10.941610519838392,41.08949168705399,15.574242816867237,10,13.6318093960253
58.614390916614724,14.931439939578771,50.5150381672384,18.37245192817198,10,15.9196936436384
