30.31792362772019,13.890175925263588,38.37587176414165,31.095342901086408,10,15.7238702336644
68.60596884671656,34.993714691755805,59.292896832725184,9.401126578085469,10,14.3415231842519
58.45570784108839,29.78752932075807,45.84229832322439,28.579355368867883,10,15.8187568450409
45.80123842789459,15.769263996260497,23.610687060562338,27.85113657518358,10,13.4414546841224
62.28262204991677,11.031662201359874,30.13816479371016,33.654497151581964,10,16.9100183090091
72.57711493494439,8.839235534818403,31.9208857906463,27.817040375530873,10,14.7996022047148
94.77595466812984,8.770395538489234,26.736806066143092,39.45453461530411,10,18.6912390947018
119.43617757583876,6.438147838056437,52.582242815650794,19.097222222222218,10,18.4360742159021
113.87197644772374,15.204812497820033,52.976190476190474,25.496031746031747,10,17.1878626131872
160.71104795146067,21.991154275783735,21.902165424925187,29.90075034726305,10,14.6984612760024
149.1505549472509,39.059514763007186,26.042486444018277,28.296190103334336,10,14.2870157067446
97.87073184246216,41.87232999910419,66.76789851631086,9.056748537291599,10,16.2088972178049
107.16775022386918,26.432685686411716,15.773771048594249,30.707518786908285,10,14.2248468924719
126.48740519116343,26.867445404686364,30.827107408452708,32.794795115375244,10,16.825403717927
92.41071428571429,59.35548929470998,77.25077311899857,9.196098006877323,10,18.3950246885629
