32.67373904927881,22.173445279909828,12.677941501312775,28.848785252987238,10,13.6214239178218
45.508316597324786,31.791916593501362,50.73822446834208,20.653663863507276,10,15.2736833438485
69.32935214245741,56.1120790368805,46.18611577722962,13.47821240291482,10,13.9555048129356
128.16144108492708,39.487138430798005,44.771850391498404,22.11375589245742,10,15.2174245803367
100.07380737336493,29.941447268658855,14.503919385890809,26.33816130240059,10,13.4631004304295
78.98859878862469,34.05862921565134,32.88690476190476,26.736111111111104,10,15.3297726775911
58.12016022946541,19.32532918548141,42.85186561742368,23.229646540057473,10,16.1665093512766
41.889045553302324,4.936722489162969,29.394037017014295,30.85868834604077,10,16.3212461601471
49.814982154490615,7.893063577168807,52.78163400546547,19.155665686860686,10,16.3220690443923
87.60237213558662,8.697494771906209,13.404338187120418,26.808676374240836,10,13.6761122171882
113.53533530808666,9.336512346903126,15.241480984339939,26.26936003074175,10,13.748491814452
122.60528163613489,9.752483790326975,30.556105441901188,19.99350109161436,10,13.6943282770087
111.58252034919647,22.685886500302654,66.30363147835807,13.388233279283842,10,18.0548893077041
155.88007806959783,18.703199007107838,16.969753329410274,32.1718240203403,10,16.5767951732498
151.5482270226206,12.372676476211131,19.380604590072576,26.85274740342251,10,14.1171136172212
