98.809183087962,10.476781572087516,63.047686457025065,9.557702576202919,10,16.1471844424843
68.72053023365011,5.973638697184194,54.890580877461005,14.165250191704695,10,14.8047734261895
147.2718253968254,19.15431457208436,16.366100150373736,30.09368351021545,10,15.5790432843302
133.95786280605603,31.95524235228346,19.067930844737642,29.899916377875268,10,14.9928401136885
112.20238095238095,26.884920634920636,32.97195216402584,23.61849003636078,10,14.1384955509168
78.12613523563724,20.400530597418513,51.33815047864848,28.820632964803472,10,18.1358545917354
79.37764951368128,37.041535284412554,23.15211239108062,28.980290112412842,10,14.2915361717163
53.4505506381997,34.865877051826175,34.0494493618003,32.57941463267126,10,16.5772982006466
48.00145144340918,8.382936507936508,14.94497712801939,32.533913631500646,10,16.0855852182853
77.60418352663473,45.364501123466205,38.665657743206545,24.10474490827982,10,14.3412855055169
25.297619047619047,4.831656412524478,28.200866819661545,32.05170061308226,10,16.4529722302018
26.09788713125356,19.32043650793651,17.85052556715914,27.808732056066713,10,13.7700114079154
