23.81644858642258,5.282738095238095,73.11177143395676,15.51673426316409,10,19.0978886275367
38.10957546240831,25.59528186839762,19.182091204258363,34.22614670303095,10,17.7069471491934
49.007936507936506,34.4844996001969,27.579365079365083,31.190103574406276,10,16.6625360004746
131.64814952884944,7.3238698601035255,46.02156716090834,23.63924763664567,10,16.1979636752641
124.00197951464979,7.230663446466465,41.4246077869375,20.12548734718433,10,14.6447252757743
106.53182888577955,5.43651055165033,41.353631470081005,21.42360849596872,10,13.8633288087305
164.6329365079365,15.674603174603174,15.724206349206348,31.994153266431486,10,16.0308179632993
106.29960317460319,57.266865079365076,64.4162865800184,7.688492063492063,10,15.9083634681468
116.71381166049733,51.39657849606564,58.45111260406546,7.266248587812911,10,14.6325129883333
121.90576226911791,23.139880952380953,35.907051966517116,31.051962775819945,10,17.1719171300644
99.10714285714286,15.686911635097532,20.535714285714285,32.204953444267545,10,16.7771643777868
77.97619047619048,14.443397194814816,29.017857142857146,32.54748875910706,10,17.5792578863805
55.102773676215875,21.86588521900375,38.994448546006346,34.582527479408945,10,19.634539018713
