136.30952380952382,57.20107566789179,44.1572159723569,10.860087355091613,7,5.87286971069909
58.23412698412699,56.89837593945663,48.01587301587302,11.454798663717972,7,6.63863482741137
29.265873015873016,41.195436507936506,62.698412698412696,16.294642857142858,7,9.01863335170422
23.11828462253314,31.59722222222222,44.34203283778432,12.317220929819051,7,5.83455829696961
23.065476190476193,17.311507936507937,66.31944444444444,15.629181758891463,7,8.17282563643251
65.97222222222221,9.300595238095239,40.52579365079365,11.681547619047619,7,6.31260098832098
111.21031746031747,6.845238095238095,52.083333333333336,10.813492063492063,7,7.36275972197335
115.77380952380953,16.44345238095238,39.48412698412698,11.102519550216842,7,6.08579409581476
95.83333333333334,17.237103174603174,35.96230158730159,10.813492063492063,7,5.76805611040685
95.18849206349206,26.636904761904763,40.22817460317461,9.250992063492063,7,5.9788978560478
135.76388888888889,24.107142857142858,32.29166666666667,24.206349206349206,7,7.94555445760818
125.74404761904762,34.72222222222222,20.88293650793651,15.749007936507937,7,4.75748003115776
54.216269841269835,28.819444444444443,61.08060370933458,14.36011904761905,7,9.14890822097666
103.10953575948103,35.739087301587304,25.114670589725314,31.62202380952381,7,8.36160519334712
