33.901049112662854,52.43055555555556,77.65649056987684,13.740079365079366,8,18.9405147727551
51.98412698412699,40.31789786096185,49.65277777777778,12.633491027927038,8,13.3932812489266
101.68650793650794,47.916666666666664,59.53034130828032,19.27271722437708,8,17.1624424942244
104.86111111111111,50.94022058021984,20.828030545210833,14.031859134402252,6,8.60214480696681
147.42063492063494,40.74900793650794,29.06746031746032,23.990064971550243,8,13.6797544139294
129.81150793650792,9.093958610085938,33.13492063492063,21.748715171986255,8,14.2875771649787
28.075396825396826,12.078373015873016,25.34722222222222,27.182539682539684,6,14.3866946840927
27.728174603174605,25.468421453874658,32.44047619047619,38.594078546125345,8,19.0236253033848
114.98015873015872,11.089686767361224,20.48839815179418,27.231791632997528,8,14.6873586678451
82.64744455568723,23.164682539682538,18.64477513188895,19.385572325160563,6,10.4846415200441
66.57381254210645,22.86706349206349,20.164571909967748,18.651792125787484,6,10.5033290075391
