56.448412698412696,6.770833333333333,66.92360309968868,11.13680004871131,1,16.5090873782198
76.63690476190477,14.985735086209434,62.183676046853385,15.435582907541445,1,16.1745783219621
153.3234126984127,28.397817460317462,18.10515873015873,35.98710317460318,1,17.9345932341415
140.12896825396825,25.605822636180402,23.511904761904763,36.00161779346649,1,17.4879196225156
113.14484126984128,64.07142102402727,63.83928571428571,6.4295401756215576,1,15.7629457715809
39.48412698412698,63.442460317460316,70.73412698412699,8.903769841269842,1,15.6469099506416
69.38544656069178,32.082277345950864,31.060982010736794,27.03065207094837,1,14.3120677559351
67.25620828827323,28.06004206445557,62.64761032248891,21.4191246022111,1,17.5399234416476
106.39880952380953,28.199404761904763,57.245658363926566,20.777235652980327,1,16.5111166385119
27.069367036246273,52.35615079365079,64.26079701188183,14.384920634920634,1,15.6273555931324
122.73114060867468,34.90713772864804,24.807070389790166,29.800203541193238,1,15.0477884680414
