28.373015873015873,33.331134174245925,18.898809523809522,33.032277942042334,8,14.5472435691731
42.6818615779166,24.17451018866871,31.509939459676485,13.002085234033173,6,8.83199456426166
66.74925201119163,5.360027960831347,29.512637502933902,19.57826543009591,6,10.9102235129232
110.18026706796115,29.58715095536161,47.17574150488442,10.176851001053677,6,11.1876586742206
160.0362932322194,47.06098403181016,17.968657335783604,17.398341365015238,6,8.97064112042111
129.96539179287464,46.69404086906873,47.16031900807023,19.983072370549916,8,13.8641522885246
101.37846409187597,48.7036660041963,43.947978814586335,6.821681976226916,6,10.4269765828279
101.7205916898931,53.187299782510856,44.327051997517344,13.768691118494912,6,11.4579825375333
68.79931814084249,55.126508438157835,55.23129160682279,11.60997496216882,8,13.227984677665
91.42151438408584,25.746132406816635,22.658094499041084,31.843808485138826,8,14.6168102863307
66.05106549331701,21.628779753885073,36.977025247545875,35.9011850733177,6,16.9277804105167
