89.65246421164895,39.32824053848622,54.30339100579469,28.488710811752135,1,16.2114197048602
131.3852299277096,33.9303649192057,17.14694422457634,31.55771246966215,1,14.4229772434603
141.126468677496,29.283334259306848,21.17649683999819,35.13642213117017,1,15.6049453213321
158.3349954910597,30.640596040110402,16.725853016586644,32.83398987062889,1,14.8293568810183
145.23206224440773,8.857215740103834,15.123980271978136,31.05752849952479,1,14.9264012124956
129.91071428571428,8.404214172704316,14.576858172281801,31.079912811422666,1,14.948392588755
85.2953675653057,34.22928968028016,38.409597930112035,13.987495246215799,7,7.68507367077874
71.43532078446006,26.793687391083722,39.84026892379623,15.863080600004409,7,7.96560577056735
24.503968253968253,38.74007936507936,48.46230158730159,19.16527762231563,7,9.55839452315615
32.97846997439466,9.798021292580767,36.838049065994824,22.55721947212899,7,10.2437253432593
58.554015045271676,14.462557336488986,30.474178978496784,14.093724428033742,7,5.9552581218068
76.5873015873016,4.2421420973159645,45.8098129797549,14.805476950303083,7,10.2192162087328
