165.5179346718819,4.9603174603174605,23.86698596303873,27.00833886765805,8,14.5168564447595
139.6329365079365,6.508042591606077,28.560886798766973,30.264277678584026,8,15.307901605336
135.23475486802883,21.552579365079367,26.818816560542597,19.097222222222225,6,10.8436774721867
46.97420634920635,57.6179611995601,59.113567878982295,8.354261022662122,8,13.3845082234377
80.40220904633343,47.71675738212635,66.46731534311266,19.297131506762536,8,16.9189478051528
113.69047619047619,41.90150025034832,32.09325396825397,16.914258768958547,6,10.9259120426847
47.416999208198334,23.37344262987674,52.2955995086061,26.750565306631195,8,15.8751900659533
59.615846446403864,27.9265873015873,60.35443875969884,9.198845010638795,8,14.2776249626739
108.43253968253967,28.943452380952383,51.091269841269835,21.13095238095238,8,14.6372005018007
73.94897881097575,22.86706349206349,59.38435452235758,6.518445784941399,8,13.9759755515259
32.63946965273002,2.628968253968254,50.34664145838108,8.878968253968255,6,11.2450104776004
64.83134920634922,5.769492239034896,54.662698412698404,10.376341094298438,8,13.2567943250141
84.00430528474912,10.416666666666668,49.87466296921913,12.532422256584518,8,12.9855493877403
