34.375,55.55555555555555,46.47817460317461,8.978174603174603,6,10.934684667493
64.73487232560349,50.99338479511538,61.058778468047315,12.796297744567156,8,15.3603371883938
114.08730158730158,54.82947736613793,60.45128724639096,8.439371840211276,8,15.501090038114
136.70921425921344,50.86805555555555,36.90189685189765,7.668246917193906,6,9.70571469524746
111.90476190476191,45.23287315019119,63.34792943899649,9.057801452983414,8,16.3415455671842
28.275124846119677,7.491834805462701,52.43660426896265,19.32557258892169,8,15.2719117648188
28.369766074878566,17.36111111111111,51.358000422740425,14.36011904761905,8,14.1576806880428
28.36083569421139,23.8451204708682,46.07068817094058,22.196740548688265,8,15.55975434549
77.87698412698413,20.93464497677406,44.69418762635619,25.263860377866415,11,16.4089568016645
142.16269841269843,34.034767516448724,26.488095238095237,11.329793355616943,6,8.90831234723572
86.60714285714286,39.285714285714285,58.990880825157255,12.797619047619047,8,15.7279295467659
84.47420634920636,47.123015873015866,40.335739469144805,7.366071428571429,6,10.0660810610215
