37.464405309082835,35.00212431986886,42.52366400218096,33.63297651509916,2,16.5102311555445
73.98487158778246,37.801209229188885,30.487119741221115,28.012717666809333,2,15.9037018432281
101.27609292283482,32.11344951769788,32.60287533113344,35.36885787348272,2,16.9802607459436
166.35037009157946,9.800817245605131,21.794471178261805,35.051499555267405,2,17.4609521439868
125.59544534826601,11.405924122825995,48.0156657628451,23.84871936627577,2,15.9560949672797
108.4322887637982,11.498159431328252,19.364774642192586,36.29449929883047,2,17.4952269657229
75.58580508974102,9.363528766332928,39.85652430896647,29.475469976293525,2,16.3076312616596
76.09126984126983,8.972264720106761,15.537371016582794,34.79609928687835,2,16.3375778094118
71.55499092890585,23.169505667335507,23.715769871329798,32.21243877710894,2,15.1024892092086
57.622017527510295,20.907738095238095,19.617145883295535,35.98269646100201,2,16.5021469092859
43.81916984697459,7.886904761904762,25.764466719487718,31.537125152935985,2,15.0465090620079
