120.33730158730158,60.40551289810725,56.34920634920635,8.245280752686403,8,13.8608025410333
100.54563492063492,44.91567460317461,27.34336223905136,16.096230158730158,6,10.2323484963233
66.6292989070832,54.414682539682545,55.24570109291681,9.920634920634921,6,13.093394636726
18.00595238095238,53.47222222222222,76.5376984126984,14.431084000370092,8,18.3712181008237
26.38888888888889,26.041666666666664,17.509920634920633,28.128372551009903,8,13.5476267623189
34.281474806602134,18.625992063492063,25.341541066413743,28.487127410124078,8,14.4675149623021
57.787698412698404,17.658730158730158,19.692460317460316,27.479469588212954,8,13.827150914984
62.99603174603175,16.308103245860543,37.98618568265426,10.998444373187075,6,9.86019796304987
148.36309523809524,11.546323990948336,26.785714285714285,33.666969659845314,8,18.774863137581
119.47538719515806,12.084071605371644,40.61069467314596,24.661833105197122,8,15.161908625464
72.37103174603175,25.942460317460316,25.837084904199887,29.49747721164906,8,15.2132789469453
99.95039682539682,41.34424603174603,45.4240817514533,10.119047619047619,6,11.4630896313218
142.36694643119372,48.456613136151425,32.07004055591744,14.6685388067726,6,10.1262179965959
