39.596308289027974,58.23412698412699,67.20783347085009,11.607142857142858,0,15.4639142567179
60.37663744737005,48.36309523809524,60.010421654931456,12.211027915549368,0,14.1845612521995
33.68055555555556,8.978174603174603,49.851190476190474,19.01012975322655,0,14.2952121170729
75.53610621754505,9.006119339134468,52.93611600467717,11.87681716880204,0,13.126564600378
88.91164477510081,11.557539682539682,48.43954570108967,18.606349044988388,0,14.0461651675716
128.7737234035663,37.72782603735333,48.75237088583308,9.367470261395678,0,12.449164742019
124.11215857044749,46.34677174272959,53.62631000807452,9.779220320762477,0,13.7784200301618
135.0203097042561,54.910714285714285,40.306108181686525,20.02828719434732,0,13.1502445751438
88.40896528911769,28.915469015929368,30.056972722746846,29.095443682483328,0,14.0852657077424
76.24007936507937,26.247620570204436,43.19464956589324,19.139284191700327,0,13.5673625354018
