44.44444444444444,37.351190476190474,22.954403923672682,10.163528937276489,7,5.86527666661106
74.45162828228462,47.53826427986378,29.013010259317713,10.72066429156479,7,7.31316895258345
92.44129958391268,36.661546013157825,20.03968253968254,14.236111111111105,7,7.37176263156759
66.91468253968253,27.484958711570524,27.170713962379935,20.134088907477093,7,9.88707507339718
42.34637689312322,20.201829727391573,25.05058824817717,16.950948050386202,7,8.24596667010479
88.04256104020517,12.129141474033505,64.44446106573832,13.67480027492496,1,19.258498745364
92.5651698288918,19.609807978504968,48.059830171108196,11.540985672288686,1,14.4346464887478
123.90873015873017,8.982290233386768,42.651065322279926,24.26869779562228,1,17.8408040136431
137.84531588381742,3.260093561290563,37.96045341734822,29.80042231172531,1,20.4546820027224
153.3403122393849,29.395767819901756,12.858574603859596,30.343462378326475,1,16.5499480565557
122.75299276703792,36.88293644746833,39.737128942152886,25.30312717866583,1,17.1353688607414
105.2811381534533,31.489255119564582,31.37170128264649,23.164488560677192,1,15.0590138672883
102.6649477691042,34.10839052264473,34.59574425506129,23.629704715450504,1,16.1043305812473
