146.77579365079364,16.246693514599365,29.811507936507937,26.833663628257774,7,7.87429142166514
130.8531746031746,35.54067460317461,33.23412698412698,8.441002422062743,7,4.74241774992825
111.85515873015872,40.798611111111114,53.323412698412696,10.94531470772014,7,7.50847245773024
115.37698412698411,50.520833333333336,53.17460317460318,16.418650793650794,7,8.73495902714303
112.89682539682539,8.506791997031934,34.970238095238095,33.92872387598394,7,11.5253672974508
69.24603174603175,10.014057334741395,51.95358730547298,19.822252189068127,7,7.73918695490147
84.47420634920636,25.667189465998515,31.01586300934254,32.83730158730159,7,8.9082108680636
43.154761904761905,16.105871831368216,38.811528253233014,35.43868201653228,7,9.71233756242634
21.825396825396826,24.72718253968254,32.498122037827024,26.35722329107607,7,6.71359399994113
19.39484126984127,46.281180733139735,33.33333333333333,20.975603351084473,7,8.09027956446176
