157.53968253968253,12.80191573699355,26.274584319612554,34.767528707450886,1,19.4387853473315
134.62301587301587,25.59797135849634,23.86572130089815,36.67881435578938,1,19.4399956211861
120.16760726123721,19.09886594180589,23.784777446090402,35.83664993120998,1,18.489852028917
100.79365079365078,22.703256504139183,36.108351329082055,37.945873681443665,1,20.140388682265
83.23412698412699,27.728174603174605,30.874848458100157,32.11805555555556,1,18.0630301462678
55.158730158730165,13.344826372611232,32.026807425032594,36.14951768700935,1,18.1512412284923
53.287888597802265,21.50297619047619,29.810740645307327,32.71329365079365,1,17.8636702155079
40.87301587301587,23.040674603174605,15.649456882317331,37.62400793650794,1,18.846930981781
46.47817460317461,8.153493777243575,72.63670896300465,14.350693371862498,1,19.6140895282222
98.06242043476571,4.141865079365079,56.88509182366981,16.121031746031747,1,16.7965263111735
