49.65277777777778,7.366071428571429,75.16315655710522,18.20436507936508,8,18.2567833865112
35.66468253968254,7.376311804147098,21.180555555555554,27.990751687916394,8,13.2744769696685
27.51774247210989,15.947420634920636,52.664573874795906,21.860245032212536,8,14.2954955874014
26.488095238095237,34.6279834330357,19.791666666666664,34.29562767807541,8,15.6396327788452
32.966404345041525,37.85602274494365,37.02578484866674,32.134056620135716,8,16.330971502663
74.85119047619048,53.86904761904762,59.82180332441599,14.672253333757572,8,15.302255733587
67.90674603174604,34.6629062326573,17.807539682539684,27.06824456099349,8,12.8737613192658
58.87896825396825,27.630824862568655,60.82492208557846,12.919770375526582,8,14.7064950331803
158.3373851393858,18.164630488362302,29.91726612092759,26.85025046401865,8,16.8004296706594
128.45751402373685,50.14880952380952,48.99763998611337,16.301565935729315,8,13.8826456529156
