29.027745341858846,25.74404761904762,17.914186143736373,31.150793650793652,2,15.8860330328711
39.980158730158735,22.89186507936508,25.697469337837948,31.200396825396822,2,16.4115181924769
46.772687305453324,13.805060339073592,22.473344440578423,29.399304740291488,2,15.573877021993
61.904761904761905,24.813090352816484,26.984126984126984,30.370441393215263,2,16.1143518269467
52.72462574917992,3.873202416058384,35.408684961294604,26.50019716290291,2,15.8194171728089
79.01785714285714,9.492663868013242,47.9267281125161,19.5532649924836,2,15.6443997257723
112.64880952380953,12.624007936507937,50.48952351380985,17.946949642551388,2,16.3406156631052
107.09325396825398,1.0358166195938239,54.70429528433757,18.907083150817993,2,17.2027147186693
83.1360370582272,16.666666666666664,21.544758636229194,31.200396825396822,2,16.4531916295839
93.00595238095238,23.834325396825395,27.904848982660273,26.183839701158146,2,14.8114283840255
93.7945890308368,19.90345561058224,43.11238732840031,26.74833010370347,2,16.9304172439475
139.08730158730157,34.20138888888889,30.95687892022314,31.001984126984127,2,17.6649489562362
125.0,31.374007936507937,13.058722752208451,29.401978434109488,2,15.4720993325138
77.67857142857143,36.086309523809526,37.39395723086362,26.16362519819411,2,16.261454172688
30.90277777777778,54.489087301587304,64.73214285714286,9.375,2,16.2944141243478
