29.901321696361073,5.853174603174603,19.404233859194488,31.374007936507937,8,14.4562559911644
38.69047619047619,24.792723426729438,35.51762557595814,35.22711784311183,8,16.5617534304852
58.13845220813535,60.30455129694948,59.47319743471405,9.412584816667962,8,13.3382105131637
47.17277896870223,53.96431833912128,62.0729240869744,8.3169604168822,8,13.043040822975
62.57076788472337,44.44851278771723,45.30742063391374,14.708807172621286,6,11.477245936168
90.50942055513302,35.64896365283284,21.995908972552453,27.145405171703853,8,12.486808760325
119.64285714285714,59.49900793650794,58.39192779839576,9.002976190476192,8,13.5098638967262
112.84722222222223,50.02100219046114,41.792661827567606,9.428402571443621,6,10.5976199897883
132.74162057332902,40.45138888888889,44.52268646562307,15.300318564214244,8,12.9733269017988
141.61104649142794,23.356124154493823,41.88703078664467,18.271111209985772,8,13.4343962374815
110.84204691602955,25.449753812343324,32.50833070857989,17.20880039043975,6,10.6983718193701
161.96540610352235,12.236668357100383,16.034425100019416,25.09736102611735,8,12.3720979215231
99.06135957008037,21.046427570019784,34.51111462429641,23.684860684893952,8,13.5229277442275
92.51399621199327,24.337980320977383,24.532882889900755,27.710369447107492,8,13.3344989521432
79.84337290129264,13.115257817579707,19.05185123042491,24.733385436640905,8,12.3143739517446
88.3049638584066,7.807963221012079,55.6434488400061,8.412274874226016,8,13.5714962581101
65.83808527961634,8.698137664360768,48.313492063492,17.58432539682538,8,13.5833945676278
