26.488095238095237,19.890873015873016,26.127153882176273,31.914631518416904,2,14.6857613865755
55.63606376032614,27.901785714285715,45.05838068411831,33.98918602559617,2,17.6050454593011
60.416666666666664,14.087301587301587,17.01388888888889,35.54810136324913,2,16.1418022551069
53.91865079365079,7.550408320862082,60.317460317460316,18.168837710883952,2,15.3856268349235
146.42857142857142,10.64330726555136,26.90329402374074,28.66720860746451,2,14.7486405152703
141.91468253968253,23.46230158730159,33.13492063492063,26.07016601290637,2,14.4976273580232
114.23611111111111,20.188492063492063,22.0652634247538,32.26686507936508,2,15.3941792836511
122.27182539682539,20.052212277267454,29.29746896381431,28.906121056065878,2,14.7283899732103
145.8829365079365,35.98710317460318,31.942390484531614,30.27910413784318,2,16.53351386652
97.96626984126983,39.57959271512579,41.31944444444444,28.975591700424072,2,15.7048742244842
