32.927804062122995,10.912698412698411,23.061482040917348,30.927579365079367,0,14.8612957010728
31.519708730813754,7.713293650793651,58.234126984126966,14.764199123735937,0,14.9984386769434
75.49603174603175,9.151785714285714,50.44642857142857,14.236111111111112,0,13.9777898033241
129.14896950500545,14.856150793650794,43.817300336264395,26.32507878701596,0,16.6525630586037
54.28736733668133,23.255534562305076,41.09953742522344,20.06610481133015,0,13.2546347115483
78.91865079365078,33.649816126380635,19.246031746031747,28.626969587905077,0,14.2110562810958
154.81150793650792,37.94728063180176,22.023809523809522,29.562640003118876,0,15.1419367399568
96.79663157147561,53.618716582211086,57.80651390108261,12.208233837079192,0,15.1346660154235
57.192460317460316,36.7966789983624,24.796748949669446,28.55246709315747,0,14.0251878010949
30.858421776607713,48.834005293391854,46.79936463959095,20.563105205243026,0,14.4315467867454
