23.684993230759954,11.102626513095744,39.509451213684486,60.600213606567316,6,26.1467822158348
37.01367381408831,5.803571428571429,75.98235793194344,10.466269841269842,8,18.0043107118489
67.89939116828415,17.66232886204487,55.06109509341924,8.644306639018671,8,13.2301853029957
57.56656176650723,15.878081672213488,28.47222222222211,43.94841269841252,8,19.0417864556295
83.74462144395049,31.207414982907995,13.19444444444439,30.704365079364948,8,13.8280354945649
93.05143491723231,15.385979124741388,15.919218166905635,27.359373157818077,8,12.8890037973779
82.36362668659106,21.592365830516997,45.75287435994377,24.784051803679827,8,14.0271020808028
120.115080307752,41.80481360186318,65.7406014555685,11.571503006480707,8,15.1929023455575
133.24326942202666,29.37898602889417,51.50069655564662,16.866869464653263,8,13.9642181688606
140.2866692488945,18.4291170613956,34.82949843049046,22.30653270267367,8,13.0454248917273
115.55936717075627,5.698918007752921,30.01358592305925,25.963559870791002,8,14.5328374717694
