26.785714285714285,24.107142857142858,22.00720847172247,31.498015873015873,2,15.6054497550688
29.464285714285715,42.01143494023598,58.31755286391669,22.69590632960529,2,16.6796164116104
27.11216784141182,8.591494413824012,34.64378453954056,33.9680293956998,2,17.658595618002
55.80357142857143,19.146825396825395,25.788042552460954,31.620968827575563,2,16.1183768914454
69.99007936507937,15.452571526660728,22.368385239405363,35.279802769502666,2,17.3944926960035
73.4126984126984,7.043890428136237,50.942460317460316,26.06428143608006,2,16.3766427753176
96.976903477788,6.69080059421611,41.66396953808502,31.65832096790401,2,18.0003383637929
111.60714285714286,7.806439118984429,65.13810590125689,9.703481515936206,2,16.1859273410106
91.07142857142857,25.421626984126984,17.16269841269841,30.307539682539684,2,14.5954230831234
120.08928571428572,19.642857142857142,30.555555555555557,32.26686507936508,2,16.5648623976482
86.07272645729248,30.03472222222222,42.06257470783505,37.13063345720252,2,18.7749876360234
141.81547619047618,36.89719964411814,36.80555555555556,30.14042714201997,2,17.0176431894409
125.0,36.68154761904762,27.033730158730158,32.0436507936508,2,16.8384764795485
