152.9138282439854,10.83829365079365,20.895695565538436,24.092172706738673,3,13.5961912218444
112.26340039812655,18.92361111111111,47.409218649492495,7.316468253968254,3,13.3788739673594
111.01190476190477,19.50591282193774,45.83685696288807,18.192499876474958,3,14.694674474386
78.76984126984127,28.199404761904763,52.33134920634921,11.004199254780008,3,14.4933745054216
100.89075610848445,31.919642857142858,57.199055489220754,9.775571709881742,3,15.6767106224351
40.37698412698413,37.44685715978208,56.25,12.156317443392524,3,14.995659357151
152.06064581068338,35.31231376147382,19.036794553533543,28.853529547052524,3,15.784512985612
134.93079555301287,36.423449403612366,31.382322301388125,26.622185517022558,3,15.0179459596327
126.44451765842655,36.11111111111111,27.17651408760519,25.648228777465008,3,14.5381079513367
59.077380952380956,52.81941005421705,49.988041878347055,9.697181320641523,3,13.0973262617686
