33.05200422511943,21.084018300026976,25.132519584404374,40.523124557115885,2,20.0324286653128
58.63095238095239,21.24065019072493,19.29563492063492,39.10161171403697,2,19.3146198670084
83.73015873015873,32.217261904761905,15.674603174603174,31.991080216638853,2,16.0752641877452
98.02990171597328,27.653769841269842,15.26374907767751,30.87797619047619,2,15.3058896005131
115.20741752478587,54.166666666666664,54.187423745055405,6.62202380952381,2,14.0177975478917
150.54563492063494,21.626984126984127,18.055555555555554,29.98511904761905,2,16.3095081295216
133.97704813713526,22.85322032194614,27.55725576064324,31.263843170117354,2,17.8793286300972
118.75,24.578373015873016,15.674603174603174,31.051934418335783,2,16.5995962910979
34.73025684565335,13.715277777777779,61.499901884505384,11.904761904761903,2,15.6124618542695
100.73369358712785,11.805555555555555,61.45895520764122,8.705357142857142,2,16.4149369926184
