154.36507936507937,25.694444444444446,13.362420448314849,28.758622484037208,3,15.5780274660994
144.24603174603175,33.33333333333333,15.25286318399611,36.086309523809526,3,19.2106369039424
108.82936507936508,52.827380952380956,59.523809523809526,16.319444444444443,3,17.8288830517667
88.20476381657484,54.82130751576862,53.85872824691723,13.01103375407265,3,15.4120317656781
103.72023809523809,44.69682535752255,51.091269841269835,14.851785753588558,3,15.1061784664326
129.08127717447883,24.0327380952381,20.224278381076733,26.711309523809526,3,15.4718205753565
123.06547619047619,25.74404761904762,21.932294757389325,22.42063492063492,3,13.2383506698654
101.24007936507937,15.302579365079366,26.091269841269842,23.090277777777775,3,14.1122664950235
88.48281388237837,16.319444444444443,25.241996131960047,22.123015873015873,3,13.2885337944895
77.6862429658339,17.038690476190474,17.35343957384864,30.95238095238095,3,16.6686450033766
53.24871461126814,4.910714285714286,25.868348880795345,27.008928571428573,3,17.0880474189955
