33.68332404643694,0.1736111111111111,23.806755318642427,33.28178224771552,0,15.1431483706201
37.94642857142857,20.44508220221637,26.785714285714285,32.914975377309545,0,15.4825383191164
61.111111111111114,7.638888888888888,24.404761904761905,27.132936507936506,0,13.9537896117021
66.93486591486526,28.472222222222225,43.48180075180141,22.14781746031746,0,13.653615544801
108.3829365079365,6.572420634920634,50.87004131770446,19.072420634920636,0,15.0241136724983
141.69512826525389,7.316468253968254,37.620347925222305,23.784722222222225,0,13.8804537770649
155.3332351669679,37.351190476190474,26.115177531444793,29.241071428571427,0,15.6321631214815
134.32293683639173,28.349930967793988,28.503441754736787,28.470505540142522,0,14.8327389659269
126.19047619047619,36.08326629568257,25.988291809495706,29.258065853555344,0,14.3765378575555
107.09325396825398,55.699531517643884,57.03131657073283,11.278399144378472,0,14.1222645650159
101.24007936507937,19.736378610714816,19.562497838508882,30.623647848651824,0,14.4907797081299
60.831912303206316,50.44642857142858,60.398246426952404,13.71297524781349,0,15.3801733026837
