74.83311302009767,7.6099842248683185,63.16995747995824,10.86250117231417,2,16.6947809924636
57.61620853405146,9.325372496483782,54.5977099354795,13.19834481304431,2,15.3431463128203
59.27579365079365,13.988095238095239,18.072136170142848,28.86904761904762,2,14.9755406526502
43.5321351539612,18.59961012262502,19.840375132875707,26.043247020232123,2,12.9483602931854
54.811507936507944,19.82090296911377,17.80078170685494,30.556000126488307,2,15.0510617002658
55.50595238095239,53.06391252451258,61.9329610696082,10.378547792947733,2,15.3801543350971
115.46572618097213,43.5461430694921,34.37583974876574,25.117280243098165,2,15.062057353093
115.72548370100554,56.37036877445613,58.406852489117654,8.253142199549238,2,15.4591381526542
163.28108101136363,20.560515873015873,12.770350837786168,27.628968253968253,2,14.5823091212613
121.78639428873781,17.458058677326875,44.73095805542029,15.652060370292174,2,14.23075633866
118.25396825396825,26.464208347721573,40.31421500467494,17.762074476751142,2,13.7303551254888
104.90619393531153,23.32322179439754,30.703455481863312,28.24211470469912,2,16.000241427213
93.81351226455571,16.389717607840417,44.78682799379487,18.448666691394152,2,14.7717734262817
66.50232932807504,26.355384241949015,39.63390196653505,25.88419342798618,2,16.0144265328544
