58.02562300852656,32.21063188993722,55.52235973483638,21.13384249853852,2,15.6639443631127
54.61451331286729,22.292692313320543,50.549606533515664,21.911116762351003,2,15.4085357868228
30.109126984126984,17.90674603174603,17.21230158730159,32.36607142857143,2,14.4248345805653
38.974014844382694,8.790353544034632,23.81334618817474,31.996283700193295,2,15.0668576416357
48.606390070383824,8.0030376363117,21.920740990296032,26.91419229154525,2,13.3510068077509
62.40079365079365,5.157286721150985,46.60898902011567,27.392994458035943,2,15.1987799533773
78.0858422208356,8.412555564103622,39.7053550404801,26.111253959705902,2,15.0091058828056
96.39691214315764,10.196963598112491,45.071341825096326,25.54123919990581,2,15.3419331191237
100.61677340134212,9.418144412344978,47.20948658830495,12.853680984480421,2,12.6747628331797
135.71428571428572,1.7254745837862948,32.60110337685297,22.592739698834617,2,12.4903443900952
168.18208275712146,36.9753258670031,9.58266058122826,32.297115292287835,2,15.243383424275
150.9677097697872,40.426587301587304,17.378351322840004,27.67857142857143,2,13.6035342311539
88.31337774340602,50.55168193473882,61.67778289078769,9.220143462086579,2,14.670000299641
77.86595819186942,59.448167341628704,68.01627718612791,8.656991388530024,2,15.6478340886206
