31.100540293864963,8.061597848744029,60.75112567933332,8.524600963291928,2,14.1507768058184
44.19642857142857,10.33802799571251,46.40879698895392,25.23858822609791,2,14.9827041135234
28.055887760995436,33.95337301587302,64.68337500669737,14.862732769338656,2,14.980459355676
87.92425915514661,10.292658730158731,34.616272476613624,23.058877524861668,2,14.0456827657759
55.39762416900521,46.81543257741656,51.50056888925284,20.946542597993904,2,14.0593718290917
82.33588563055606,50.170272433819044,52.661634950480426,18.23250534395874,2,13.8841893959301
88.63567588851501,39.676871251951454,38.92051662946614,23.32402914727071,2,13.540716820985
98.26510663097966,33.90376984126984,36.19013378367904,29.51388888888889,2,15.3520297499093
120.91317748146521,37.45039682539683,24.02729870901097,29.2906746031746,2,13.9023565191919
109.7505312401369,25.992063492063494,15.77377104859391,30.675937534408725,2,14.2370745614001
112.81013563889992,22.48690165955413,28.95121902848981,30.95963458157773,2,15.3769682970229
133.76527394799083,27.033730158730158,20.558917974192163,26.612103174603174,2,13.4977467974518
155.4043950245373,27.63961313675442,19.500165222786176,29.890829457469145,2,14.6403565793733
160.02528986933746,11.9112792890165,13.651715869526349,29.812721808265582,2,14.8971203706322
121.33062769935808,2.604166666666667,35.64018043673106,31.072686752586876,2,16.5862373189264
