12.252175263469384,11.731150793650794,31.427300939921704,29.443808874455048,2,13.9093423872946
26.785714285714285,26.1804552462059,20.938145051487222,32.078473325222674,2,13.8267643275621
42.69722531108161,17.113095238095237,27.329143219715057,32.68231090461394,2,14.8970898889179
69.16034703142321,28.86900748102335,31.831716460640287,30.263948175066187,2,14.3844997014756
86.11816726280462,35.98775852057234,34.05241133021361,27.196400250782904,2,13.6561196645456
151.34018833465575,34.39242112305858,32.10286842800374,29.45586410511425,2,15.5285835289581
117.28770982490914,4.765595582610082,58.605147317947996,12.521110766596268,2,14.9453059966697
129.01785714285714,11.800270591823631,14.136706052258477,31.011319990790266,2,14.8644482945494
62.74801587301587,3.46002419974541,57.23018782650953,10.078054861784052,2,13.6039557491537
102.52745365645866,9.653101195752086,31.286629955970223,27.954109047656623,2,13.6802303692053
53.50293006679642,5.778769841269841,48.153701682284414,26.239892407120674,2,14.4201758568942
63.74007936507936,13.306710398037886,29.431470641140837,29.07920230037481,2,13.7687808441743
36.855158730158735,5.511563236662877,33.56924782836653,27.294140907465977,2,13.5358303262717
