40.103220642001084,9.535454236031134,27.99825480467432,32.93427294333849,2,17.0082505807111
72.50568619968395,6.012130467940467,67.90245653755757,11.483259518350001,2,17.3666549578914
84.1765873015873,11.214157091640164,58.03187465439158,12.595366717883646,2,16.0388766345287
36.65674603174603,28.933939138038422,23.13115133420868,32.99562435402507,2,16.1855134768873
66.26984126984127,29.830433806811293,41.20794295337902,29.509742126268833,2,17.1996183990067
64.3560882796525,23.5392131156983,46.57593798399275,23.503326021923083,2,14.9090438405314
95.23634986383428,16.23213764069249,35.17039616791175,31.25988435882257,2,16.4367476661262
118.07183331099762,15.784834464924073,16.54123660695892,33.024689344599736,2,16.919089482904
134.07255544723887,9.47420634920635,37.446461539937495,25.942460317460316,2,15.4659575217023
147.82133125119384,9.449404761904761,25.92295453148697,30.45634920634921,2,17.3153286690959
152.2894059671295,30.827919142832354,27.281406355729064,31.42243751318953,2,16.8747625415275
127.64502461477936,27.925559901188805,25.479410336607245,29.8869400988112,2,16.1095416339864
108.23412698412697,35.9197830303908,23.070347426062806,31.788550302942532,2,16.3015026050017
