45.490774573082845,4.218832167234227,44.070939504563164,21.847636086734028,2,15.5906707157142
50.297619047619044,20.70947985463894,13.045634920634921,27.00877411361503,2,14.3083434902
72.6377436373733,30.459061244279184,17.378350334697117,30.978765132990453,2,15.8804834190707
84.09955539601677,9.85896864266499,42.537349365888,18.938773974020123,2,15.1863682103405
103.71334051141868,10.800840484545672,34.36325244160683,23.029482762972766,2,14.7082566819732
108.96068111654922,7.193089080515068,46.186115777229745,18.57576012583414,2,15.675076525099
128.5775106471794,22.173425837992127,27.791969121714143,26.22739446541405,2,15.225884729816
126.29847140259957,22.142396561888063,25.8216733319075,24.186968517477016,2,14.9513713512717
84.62446406291996,21.210879669992153,44.64140895295306,14.354596520484037,2,14.4486281098742
150.25246737603803,33.24252359354951,24.94594532237466,25.881751633632774,2,15.4016948531959
119.04241423578436,35.35028930468152,32.92484791831139,25.892964763306004,2,16.1956308855854
96.40658636849466,26.298395537059015,28.34957212952396,22.277566799465223,2,13.3517658807615
88.54166666666666,23.653662309005103,26.38888888888889,26.678346658185394,2,15.6262090924195
84.27579365079364,31.627232792321198,18.1491538186943,23.382687842599438,2,13.0410222628822
