55.80357142857143,8.927099816740455,56.22893384902283,7.913177961037323,2,15.2980184777568
42.429776419756564,18.274858008107337,52.62440381660779,12.627919769670441,2,14.5907406941607
39.60271605620489,29.540198412460633,27.014520548945743,19.944687891361816,2,12.6714283713499
38.052240068936264,31.434223618759685,15.10539633269406,30.718554159018094,2,15.5591336367755
51.606880951945,41.55651791589817,47.64568811671264,21.03098378028366,2,15.427334685999
80.30586759135088,54.82948869180975,57.13906703122943,8.646567326204183,2,14.8649598977172
119.99241624065667,46.66107255415143,55.950599271676516,16.63257823949936,2,16.2013007627774
134.12698412698413,32.182830106427055,34.501986377881124,24.923125533417284,2,15.0475966998696
133.03624489030554,23.951789171590764,37.06605905637567,23.67435820151119,2,16.0446558765912
160.0514304859388,17.435515873015873,17.050302699452065,29.205041047586704,2,16.2618566076883
129.27796652144988,13.78968253968254,14.273620780137424,27.98612686121488,2,15.0207264366105
86.016735835248,11.061507936507937,24.928421702865244,26.82871706301205,2,14.1962479354613
111.5798818025371,8.848972696937919,31.618567243335367,24.892905543626544,2,15.2467325486381
125.09920634920636,6.696428571428571,55.00992063492064,8.333333333333332,2,15.9470335591406
