56.5302186726942,8.836712217412044,56.26740037492485,8.88380223760453,8,13.0780241209478
78.97147157084024,13.467261904761905,59.71900461963595,9.275971396070567,8,14.2001517807006
161.25992063492063,30.61408151638524,24.003975277932117,28.127553778857305,8,15.1287886732088
148.015873015873,34.32147356380793,14.383152615861148,25.900650794887717,8,12.8279217202678
129.5293298026709,17.36766872902715,16.344808748657584,23.205129851878517,6,11.3390366334794
81.8195887330214,19.875432938023096,57.44662493957481,12.993741691916929,8,14.2759322873046
44.09722222222222,9.399801587301587,17.286310610454866,27.38870499443736,8,12.3875143599472
29.928923535489083,18.152041841659752,21.57339083741314,31.65591029406763,8,14.8339359957135
46.19204146555303,17.93668997951801,31.350679679327055,22.194810406571534,8,14.8571809138217
40.51811358106816,40.15376984126984,22.172546205175983,26.5625,8,12.70192457932
50.49603174603175,48.605328840818615,42.419259796810586,16.79534161535689,8,12.5234402200184
94.59667403031055,34.44011656359681,18.055114249260747,32.548970737990494,8,15.4032718034582
122.07432119891142,59.10471732706794,53.68704699155691,7.97982448228221,8,14.0926380464302
80.35296170716312,24.09397209749629,18.864021060413766,28.286980283456085,8,13.3939014886572
