36.160714285714285,58.90376984126984,69.94047619047619,7.663690476190476,2,16.3191959198118
46.42857142857143,31.200396825396822,17.014918343332003,31.919642857142858,2,14.8054276749685
19.49404761904762,19.072420634920636,27.232142857142854,35.68948412698413,2,17.1153894057369
24.751169015078172,3.4787887166319296,37.889839284285834,29.755338267495056,2,15.379732830752
46.62698412698413,5.406746031746032,57.986111111111114,20.120035483513664,2,3.39053094332188
104.04082546752049,5.70436507936508,22.372468404190865,35.342261904761905,2,16.9161285562669
155.80357142857142,6.732649308561747,17.509920634920633,29.948898310485873,2,14.6347440110579
141.81547619047618,6.349206349206349,25.496031746031743,28.075396825396826,2,14.9385375892004
124.5497459340708,12.850624576077752,19.249857240532382,33.81833322715853,2,16.4303486808919
129.36507936507937,26.5625,23.16468253968254,33.035714285714285,2,16.5287971054168
141.7842899192307,23.77331809413706,31.487892768878655,28.68203904872009,2,15.3097771546443
157.78769841269843,36.734710222874476,19.4118829443257,34.6151130277194,2,17.6036538358091
98.52235385465323,29.543956724567124,21.381193452300977,33.67528930717891,2,16.7198659051988
81.74603174603175,35.879682036994055,36.607142857142854,27.959603677291657,2,15.6018472456764
