31.448412698412696,16.29062859335615,49.195905114522546,37.652823787596226,7,10.5908036794154
64.33531746031747,17.435515873015873,27.18253968253968,27.563761105790643,7,6.97539859234248
103.06729576037033,31.572420634920636,24.85929154121697,21.23015873015873,7,7.79427885753934
45.33730158730159,46.05654761904762,37.86163503276844,22.346230158730158,7,7.24965852071589
82.44047619047619,35.86309523809524,24.751984126984127,25.34722222222222,7,8.29330389729379
98.4623015873016,53.720238095238095,61.62540172753661,16.400308009877882,2,18.0925629074291
123.26388888888889,38.93849206349206,37.32355791372428,27.093852157288293,2,17.252990556381
109.32718973608138,30.580357142857142,46.57558804169639,21.03174603174603,2,16.1983273418864
156.2763945539143,25.41530389820572,13.664081636561907,28.354537371635548,2,15.4579933066163
121.97706664059163,7.5644841269841265,37.5467428832179,35.51512282002156,2,19.7454351170087
