38.41082910062067,13.969374306660608,22.51637522692153,25.390744740958443,2,13.4297141726344
35.76388888888889,32.4648359560386,54.776607327486936,26.25388008589507,2,18.1987897565657
55.75396825396825,20.23617237028345,31.944444444444443,24.82831175670067,2,13.8936669905935
76.37285047373871,4.811507936507937,13.904927304039068,32.3233895614059,2,15.9764972168982
84.375,8.948444263705488,49.794020382304446,6.602150974389749,2,12.9331382871807
89.93055555555556,22.14781746031746,11.189161500135436,27.01945832582902,2,13.461538481987
98.84782036646108,19.444444444444443,15.090671697030986,31.696428571428573,2,15.8676105148887
114.68253968253967,16.096230158730158,12.648809523809524,34.07159616185664,2,17.007588335842
123.21428571428572,21.478174603174605,21.03174603174603,28.794642857142858,2,15.3799142113565
104.1170634920635,29.86111111111111,20.333295455184146,29.01562008838114,2,14.8404348746221
126.73611111111111,23.859126984126984,19.196428571428573,37.55138658318255,2,19.5458518135797
145.03968253968253,21.52777777777778,12.896028489330707,28.74503968253968,2,15.0718344056691
156.2003968253968,21.974206349206348,20.386904761904763,40.67460317460318,2,21.433132081148
