38.2936507936508,4.6875,46.31928420316475,27.50496031746032,2,16.7541682046996
66.92791989699668,12.22718253968254,24.707553742092784,28.4384008754218,2,14.7319426468086
46.875,12.524801587301589,35.76388888888889,27.887551142020996,2,15.639836128685
88.93849206349206,12.078373015873016,14.697516493079151,32.4156746031746,2,15.8797212675081
109.02777777777777,5.978276733309558,53.35366679497243,20.708231203198377,2,16.6530061308341
149.75198412698413,6.214624183698948,37.416397977833206,24.985772641697874,2,15.9962939148308
122.02380952380953,29.246431041748362,29.017857142857146,29.08690229158497,2,15.6530849779952
156.59722222222223,29.315710730858846,16.67031348731959,28.99175785460428,2,14.9857976661137
103.52182539682539,20.014880952380953,26.238065551331214,28.472222222222225,2,14.9335257646744
29.44290111617296,36.38223902012842,58.1159817669863,24.92728478939539,2,17.2947801589458
76.78571428571429,24.503968253968257,18.154761904761905,34.54861111111111,2,16.9235649148161
9.490350652353008,43.30357142857142,64.96401442701207,20.38690476190476,2,17.4935557599314
94.69246031746032,33.53174603174603,30.853174603174605,30.930480303713175,2,16.0438322884797
111.83587418479965,40.50099206349206,43.77579114980949,25.197669516679724,2,16.3062503827142
