97.6127132994281,5.60515873015873,62.20871527200048,7.291666666666667,2,14.9544384635993
158.58134920634922,7.76436658361821,18.700396825396826,28.842776273524645,2,14.2254434857381
90.27777777777779,10.441468253968253,39.449030964034876,26.314484126984127,2,15.0766674806442
120.66423157924055,15.327380952380953,42.515968177795955,21.80059523809524,2,14.1889573145264
146.6504727094656,34.487916137711835,34.1334665114328,25.91893442511831,2,15.1444756151269
83.55963664869172,36.663009300986786,37.70524361032928,26.06483211259561,2,14.6904027755577
134.375,33.382936507936506,13.988095238095239,30.257936507936506,2,14.8950033644309
120.18849206349206,37.971230158730165,14.136904761904761,28.653604629276643,2,14.0863042398287
45.63492063492063,57.62704465759778,62.84722222222222,7.799542643989517,2,15.1169291350435
103.96825396825398,29.76190476190476,24.751984126984127,25.610918500510035,7,7.20991985796496
30.60515873015873,7.688492063492063,27.281746031746028,34.81637042264191,7,8.96049867337545
45.78373015873016,11.160714285714286,34.32539682539682,44.5188492063492,7,12.2570303887255
