50.702905699884205,11.359126984126984,30.627999999107935,22.123015873015873,2,13.10680144435
79.56349206349206,9.945436507936508,24.65277777777778,27.423189394156093,2,14.3976214655278
70.27567652065355,18.77480158730159,29.1984205868215,31.845238095238095,2,16.5291810283211
82.98611111111111,18.675595238095237,23.41269841269841,26.19983040467198,2,13.926451961531
103.86904761904762,9.550895720336298,14.53373015873016,25.121723327282748,2,12.9981247976077
115.07876277619596,13.020833333333332,39.85367977758449,22.65494727230967,2,15.0031994009369
116.56087213048303,20.61011904761905,13.773947829053265,28.079108016010718,2,14.4711024679927
151.28968253968253,19.791666666666668,17.837255545935886,29.540866686344536,2,15.6573842494278
139.88095238095238,31.721230158730158,28.715335661390423,24.875593575442377,2,14.6346166624199
129.91093916634483,29.265873015873016,26.973329939303902,23.46230158730159,2,14.0237730270741
118.3038582603781,42.01047749360153,46.27184537651889,17.017300284176248,2,14.6192217124405
107.83730158730158,33.17766365165447,13.14484126984127,30.981983535209288,2,15.6625498607926
103.34342266676147,57.266865079365076,58.09574311601234,6.374007936507937,2,15.3713876450821
34.72222222222222,34.72222222222222,37.580597035790994,25.47560104277748,2,14.6075819859964
43.30357142857143,43.08035714285714,56.27395502325451,17.807539682539684,2,15.8465032380387
120.48611111111111,4.493100976607341,52.76503191779,15.670589499583135,7,8.51065848293274
