91.96428571428571,59.87103174603175,71.92460317460318,7.886904761904762,1,16.9709726812209
116.26984126984128,45.12618883595767,59.27579365079365,16.298516345280504,1,15.7050308602045
23.26388888888889,54.58285903347645,72.51984126984127,13.472696522079106,1,16.9163050120275
20.188492063492063,37.99870301961901,74.55027936175476,20.16211792790542,1,17.9502803812972
42.23768108304141,35.36670415335186,65.50041415505382,25.397184735537028,1,16.8166081325643
24.65277777777778,6.9940476190476195,56.59722222222222,21.180555555555554,1,15.4247173456675
29.017857142857146,5.084325396825397,68.9765262550789,7.465277777777778,1,15.2896437971106
71.82539682539682,14.16170634920635,46.759354258011285,31.52281746031746,1,17.497540051722
101.85984712280762,22.35514587686868,59.60505598224457,23.58730355732009,1,16.7913369194075
105.79668471935852,12.906226534054145,56.60642172400705,27.046454855136428,1,18.1494420847449
156.6645180554521,7.400527018948223,17.789847023912976,28.933798377877174,1,14.2000962447899
