55.5102474087614,6.5228174603174605,51.8699320773016,13.806398367291273,0,13.6600473297346
37.99603174603175,9.573412698412698,20.401372396115786,30.367280574480173,0,14.6541458583005
143.60119047619045,7.760458174837534,18.501984126984127,26.76335134897199,0,13.3015035030916
94.84126984126983,13.070436507936508,52.06605747204017,11.412054199353818,0,13.6884777937411
87.04154163883537,14.418536815589071,19.65488693259321,27.074518739966482,0,13.0129440988587
158.53174603174602,21.859371359566573,18.154761904761905,30.124755624560414,0,15.0276636845318
107.53968253968253,27.95058102144298,47.571086156917616,18.772758205681775,0,13.95208043179
136.75595238095238,48.95116377844716,40.625,15.795047667612383,0,12.472055998691
60.962301587301596,23.719858342883345,27.033730158730158,30.099104628415294,0,14.7184207311181
31.101190476190478,47.60682112749663,56.230571241238515,10.056869348693844,0,13.6991753062956
