137.3015873015873,33.01713501982012,47.867063492063494,22.017587202402105,2,15.3010274501956
76.14087301587301,9.241689579557683,73.63353550481361,8.218627880759778,1,18.2785318052425
117.21230158730158,16.363465488653905,75.74404761904762,11.414312289123872,1,19.1574903235392
96.82539682539682,10.639880952380953,68.5515873015873,17.53472222222222,1,18.991849671681
58.432539682539684,12.590711338620164,27.218091300914573,33.370742331160024,1,16.8302710792338
45.48611111111111,16.294642857142858,24.404761904761905,33.83319101670502,1,16.2461998919857
34.32539682539682,9.274459154285575,13.428256188364763,31.154481524578813,1,15.0144265190899
35.86309523809524,32.49007936507937,26.686507936507937,36.344173443705905,1,17.5878188431847
60.21825396825397,29.17707101571511,35.1686507936508,36.93345674820069,1,18.5327504979063
88.04563492063492,32.87298963630561,19.59325396825397,35.82740718909121,1,17.1542940475507
119.39544419447337,45.36210317460318,55.78739801427409,22.80899799002573,1,17.1297921483458
103.37301587301589,27.862523087560447,19.990079365079367,33.24858802355067,1,16.1977991200823
123.62989716611936,22.89186507936508,56.62803934181715,21.750992063492063,1,16.7616876625447
117.65873015873017,25.992063492063494,40.922619047619044,28.834547296722246,1,16.4308903649595
