40.22817460317461,34.02777777777778,25.392962654982927,28.645833333333332,0,14.7448555807211
41.07142857142857,10.935197227314784,24.52224843799467,27.581667852050295,0,14.3430884880943
74.10714285714286,37.77228506966971,30.554577984469844,27.816101252545405,0,15.7347057904464
132.93650793650792,12.947198845572055,17.708333333333336,26.05587601196116,0,13.223764793389
100.32046937706079,3.07201792162724,53.37435835342198,18.889022848139604,10,16.0616939206426
146.37896825396825,8.337396336471729,16.666666666666664,23.359032234956842,0,12.0385099740015
158.234753325114,8.877798072277308,20.386278420917733,22.20918147497069,0,12.4057135156542
136.73943253836472,37.29421606505945,23.72683730290512,27.165109331765944,0,14.9359176467098
145.7107021486236,34.150641793795955,32.22687391346674,24.877135983981827,0,14.9017572728741
91.8798585175482,55.75396825396825,53.29371404806891,9.253401463756381,0,14.1104152939434
