29.117063492063494,7.862103174603174,18.00595238095238,32.192460317460316,2,14.8166160311247
67.46031746031747,14.186507936507937,54.613095238095234,9.300595238095239,2,13.5675041050408
42.11309523809524,6.897906616369751,68.89880952380952,19.677570959980542,2,17.709854503826
123.81132691259191,9.26815233904731,54.76010165883666,10.271836032774946,2,14.7485208247746
96.875,50.47123015873016,55.05952380952381,14.33531746031746,2,15.0171421694673
111.59484213372454,54.2427404370127,57.36114865190475,13.391188134415872,2,15.8133958766077
35.317460317460316,26.343141926835862,14.631650707690172,35.78483426364033,2,16.1362888304168
46.0813492063492,31.401648103188226,13.938492063492063,35.03498181491335,2,15.8824964705169
54.662698412698404,31.150793650793652,30.73583866120985,30.315611195930966,2,15.2874190042136
100.9920634920635,29.673186466608144,28.521825396825395,27.66403232746914,2,14.2761394634385
80.50595238095238,24.875992063492063,20.58531746031746,40.550595238095234,2,18.7374737590039
138.70527017855315,19.444444444444443,17.445523472240517,31.113786679488133,2,15.6193850777642
