92.01388888888889,10.940283876934268,17.724008543037247,29.486303424653034,10,15.7130980473318
122.09709890705027,9.733693533653003,51.83187165042059,8.57966108246177,10,14.6237116411873
125.28902694984323,12.616273799271694,50.70303654222027,23.128509688522076,10,17.6515798306683
144.50789676718847,11.147573877853523,35.04573770328859,26.922429752442316,10,16.3805728012898
116.44484889015993,23.03737255820791,47.322040874600845,25.480026302719036,10,18.1016258592811
133.82936507936506,39.61866321301409,45.83333333333333,33.3367309787802,10,20.4313722484267
39.93122291007674,15.853146374022167,21.66125154585396,29.856179022803225,10,15.3517473708603
66.71626984126983,23.809523809523807,56.101190476190474,30.149479602061607,10,19.6607460537626
61.48570684452203,23.8218036463016,20.06191220309702,27.34387095687301,10,14.4887199135857
51.54077830758459,32.83730158730159,24.22617149049411,30.853174603174605,10,16.3470833531201
75.19759473394465,57.445500833838295,55.78881169275166,8.105094404256945,10,14.6021096137899
