39.8313492063492,5.084325396825397,55.00489686441632,11.62298477236824,0,13.4954024661229
40.106952805442,22.648767264901732,55.775983702494514,11.527820036685567,0,13.9354469715225
62.52748076775171,16.691468253968253,52.49590595224893,10.9375,0,12.6006018064757
57.837301587301596,23.41269841269841,22.42063492063492,32.32904236457753,0,15.4844546813057
39.08730158730159,33.48214285714286,22.172619047619047,29.235576048388317,0,14.3659617571411
74.28663162936515,31.274345021217336,38.1141620214285,25.2980756137033,0,14.4723006305865
77.19599787882055,4.965595258540055,42.03020372398497,20.843696305189923,0,14.0574074993914
104.86111111111111,34.375,43.70039682539682,23.647832510395137,0,15.2275291254761
107.88690476190477,54.21626984126984,53.7733339475311,12.22718253968254,0,13.9276330832678
129.96031746031747,29.216269841269842,58.70256609972328,9.728970047870325,0,14.9723530365333
140.34570450705402,6.8942744795091775,46.41024787389834,16.646839637042458,0,13.4405135166659
