150.74404761904762,16.080462778382994,30.406746031746028,45.54280490648756,11,22.9199259813284
122.79783029416657,16.900462083275908,30.773598277261993,45.92195855164473,12,23.3612409617053
29.51388888888889,31.404399359911647,15.079365079365079,31.66603714802486,3,15.2696774253695
43.601190476190474,28.497023809523807,12.703881661181255,28.74748427200772,3,14.0251688895758
59.92063492063492,32.50608396973973,10.318610414578783,29.66590513465296,3,14.0895264440216
53.17460317460318,28.943452380952383,13.41049415129861,31.25,3,14.5316647242243
69.21689120633039,29.365079365079364,15.312518347911466,30.828373015873016,3,15.0703583994101
81.54761904761905,30.357142857142858,15.045872568663649,30.084325396825395,3,15.0162043684611
65.92435320810797,4.41466239744796,25.543900760145988,28.373036015250452,3,14.840980272681
80.15873015873017,5.4315476190476195,8.581349206349206,25.898609341325162,3,13.0004304394755
87.8186244572974,6.831523485507396,11.780203129596803,29.25478603830213,3,14.5412815268909
96.62698412698413,5.295620104524821,13.647936270340905,26.27680053039581,3,13.5543233732932
102.52976190476191,5.904336390131686,24.203813213841364,27.16921864047023,3,15.0982639796819
