31.746031746031743,7.192460317460317,17.807539682539684,35.21825396825397,10,16.4704113060081
55.058804938780746,6.356414206878856,44.96616517721008,21.565265903103974,10,13.6546581818881
83.3829365079365,7.118055555555556,34.02754743888883,24.28075396825397,10,14.0552910560371
37.54960317460318,14.260912698412698,28.621031746031743,32.93650793650794,10,16.2031905378184
64.67415546048973,20.13888888888889,25.107590571256296,30.05952380952381,10,14.8650593075905
117.16269841269842,9.733131353789734,16.61706349206349,29.100785510586114,10,14.3777738189221
159.22619047619045,23.102578515889114,21.240986576558406,32.67619132538073,10,16.496612265167
130.55555555555557,31.547619047619047,32.242063492063494,26.612103174603174,10,14.7015237266836
121.87347532614771,29.98511904761905,13.692000864328465,34.176587301587304,10,16.7295682812086
104.66269841269842,33.226484977065425,14.781746031746032,27.44679343472927,10,13.6365087074803
95.83333333333334,41.226787230298356,20.734126984126984,24.45616894789207,10,12.5523695282861
62.45039682539682,32.589285714285715,17.75793650793651,30.58091149011853,10,14.7598231039045
