19.434569229816397,10.556245146127642,60.633225217332686,16.824707234824736,2,14.8218939560714
66.49719071875782,9.67261904761905,75.86786922992731,19.452505719488506,2,19.4956141923121
87.00396825396825,16.17063492063492,62.8015897075342,13.24404761904762,2,15.6160802580804
89.33531746031747,20.96265341290994,62.71990151364329,8.650441825185299,2,15.4271519907795
145.93253968253967,10.408328845031416,14.543094055619374,25.60493939022808,2,12.4549216910027
148.4872637889236,9.548611111111112,28.298450496790707,26.884920634920636,2,14.5932190679794
25.744047619047617,37.05357142857143,57.162174394708046,14.781746031746032,2,14.0819498221798
25.255177732175483,44.65036368068847,47.95910798211023,15.691898224073439,2,12.8264633982805
59.24764194619221,51.711309523809526,57.07180249825225,15.922619047619047,2,14.7142215354784
90.4265873015873,59.16231006591477,62.58435863177962,7.492700218445924,2,14.7268895978412
124.95039682539681,28.489882867551394,22.86706349206349,32.075593322924796,2,15.5101606431269
