36.06150793650794,25.60501951982503,15.476190476190476,32.90411109909321,1,16.0324984968898
49.057539682539684,13.070436507936508,18.333967266385105,35.88789682539682,1,17.7121060815417
50.6291962545784,7.677198190086531,29.57913707875493,31.56699422940812,1,17.225194507028
66.41865079365078,8.156355400030645,18.898809523809522,35.3208271396519,1,17.7346867000601
67.80753968253968,36.58234126984127,53.47222222222222,26.9593253968254,1,18.019383987494
96.32936507936508,39.734144353949574,49.50396825396825,25.246014376209157,1,16.9539258969286
83.58134920634922,15.724206349206348,12.896825396825399,30.602640305317525,1,15.5322725833279
88.51174331040387,16.559425254856002,31.726351927691354,30.861209665778922,1,16.7828696456868
84.84446727901937,5.1587173203542935,35.586573960513476,30.239154338876876,1,16.9715957722341
109.12912930558709,10.01984126984127,58.07460453938689,7.843512557411333,1,15.1941640593006
98.64899668257297,9.183167961449827,39.167096584636354,30.98009760787639,1,18.0351019032854
126.3032167240693,16.54265873015873,24.0936086727561,29.552436240462598,1,16.8148311532258
150.94745001020542,15.035831487174331,15.173581735826334,32.7568272429844,1,16.8850080491048
