5.60515873015873,11.359220439405817,70.1013225804198,17.55837954224083,1,18.0193735763418
41.00073084530508,22.79265873015873,21.075887595635027,34.959517298430434,1,16.2664566594328
51.83531746031746,24.81939781902957,24.27662836073962,31.083379958748207,1,15.2028190959955
33.18452380952381,56.928268026221545,74.26173504174898,8.895144672191153,1,16.6323777149901
95.67268419925104,39.423255273562724,43.036005504456334,28.02946250290243,1,15.7625154333386
89.45972378088463,33.405024122083205,51.731611051394744,27.417722314793785,1,16.582002295619
106.72651320181366,14.060678637694354,21.020193013962214,38.08221297238899,1,18.0514063857376
123.61111111111111,17.547817290788487,15.996439550335072,39.42931422426429,1,18.5289946798141
133.58134920634922,28.02579365079365,18.140985802372416,28.335067567882746,1,13.5299081983815
149.28842749679606,33.60615079365079,15.385688798060881,31.572420634920636,1,15.3055340556664
159.3247730599902,35.13022500678768,19.676877069225082,32.302873188644526,1,15.0294825961529
149.71133716415653,21.4752209015833,30.46598413953404,32.86505687619448,1,16.423531788639
154.1570607105863,13.268849206349206,23.92437365208112,28.450521041374056,1,14.3148295705102
