141.11990486902369,51.24281073716702,20.024481000520616,23.565352270995355,3,14.2660445089658
158.13492063492063,30.63955663152157,11.984253309454727,24.842291926571626,3,14.2683924199694
143.20293949525876,30.2073201016156,16.29572841353148,25.869068787273285,3,14.6617265245253
125.49603174603175,18.47718253968254,17.063492063492063,25.839017629147904,3,15.1171685690787
112.64880952380953,27.827380952380953,15.287913396292405,24.483775646367153,3,14.2334409104699
127.67857142857142,35.970417954498316,19.74206349206349,25.6672936790784,3,14.5851189971608
116.44684935690135,40.43940081843587,12.320341884109116,24.73917061013556,3,14.0326087293561
103.14188199744683,41.33871555691187,13.42044450056688,27.039260633564318,3,14.8011821329302
86.90476190476191,41.18997448715798,20.48240812199948,24.354864844887352,3,14.084874183217
71.30516521767144,9.961007058001027,59.78615967457289,57.32082307743275,9,35.5522982095811
38.39145608855002,2.572625599515268,75.62348398569945,70.5927371969512,9,44.8979063949764
43.07296191880868,2.7815951057150086,25.79037045318224,58.738160229380654,9,34.5777080528721
