29.761904761904763,3.6458333333333335,34.69223707782047,30.646897336311316,8,14.4517535463212
59.02777777777778,58.80414114428508,58.53174603174603,7.391295363651427,8,13.3477745596321
120.86162695823903,35.59191346710616,34.84860058718184,30.505151818344682,8,16.0423360060869
159.47420634920636,34.695190932151164,18.055555555555554,30.433777321817093,8,15.0295828834403
162.29816190736523,22.84067984162036,15.782743501634219,27.03765075279961,8,13.4079534777857
144.50366411979792,32.2744686762848,19.039907104402236,34.33791254549884,8,16.7151881639068
148.90873015873015,7.886904761904762,20.737223816356646,25.031730466401775,8,13.3873302424721
103.47654451095094,7.936507936507936,56.00429636383544,8.209325396825397,8,14.2743835759145
53.52182539682539,30.696994919909585,40.62395384132122,30.646710802867357,8,16.3603246277982
85.52778598202674,23.80114543145244,36.96981975335814,27.72736481501861,8,16.0369152983936
134.32552685677578,17.5730152153161,27.922103170311086,17.59218624726233,6,10.5623403739348
130.17019867736752,24.653795640158055,17.094570617862093,22.41787988921386,6,11.1873855915392
