34.672619047619044,30.74291134555532,24.107142857142858,39.371175956031976,3,20.4233129435773
100.66671273898038,51.97983731904963,49.87892218165454,17.571930762109716,3,15.0740203544305
150.06380823773037,33.25892857142857,17.694128270206136,31.448412698412696,3,16.8164195958125
89.52309494524904,22.643849206349206,27.441190769036677,41.69146825396825,4,22.7265822972589
129.85560247462772,23.809523809523807,37.15349302033199,29.71230158730159,10,17.7499835975109
53.935250018414834,22.94499544737546,59.60641664825184,7.486552171672158,3,15.4707703040979
126.75643788225595,22.197420634920636,54.44395894314087,7.0684523809523805,3,14.2371025847548
101.32393089881475,17.33180078190071,56.86059291070906,7.717802392702465,3,14.6224921353134
89.23611111111111,8.035714285714285,56.79563492063492,10.267857142857144,3,14.9396053987923
49.46321967849545,17.782738095238095,52.12408190880614,7.192460317460317,3,13.2612041141013
