107.50000017201475,10.267857142857144,57.281745859731274,10.416666666666668,8,15.5841654052678
46.47817460317461,11.002476738730145,62.648809523809526,9.682047070793665,8,15.8656199478725
77.28174603174604,21.602182539682538,59.329624605535294,7.936507936507936,8,15.1101283366439
55.605158730158735,12.549603174603174,15.289374685895707,26.091269841269842,8,13.2504181669011
150.84325396825398,13.144841269841269,18.20436507936508,18.005952380952383,6,10.140592447263
159.45880527864819,18.303571428571427,21.890401070558145,24.08234126984127,8,13.3957430769551
131.08562855395877,20.299917624356603,24.122704779374555,27.815161740722765,8,15.8002162068344
42.81976829333824,22.86706349206349,37.38856503999509,25.545634920634917,8,14.9582540703504
65.72897701421662,31.547619047619047,42.11914428585522,20.673577322170303,8,13.9504791071412
42.410714285714285,37.326388888888886,20.982142857142858,25.08466885060073,8,12.6615804540994
66.97931740492224,46.83595284435985,22.63893790435639,17.15214239373538,6,9.92564787265001
100.64484126984128,34.00297619047619,16.121031746031747,31.498015873015873,8,16.3932801829126
108.3829365079365,35.91269841269841,19.890873015873016,25.111216146668884,8,13.2895947633915
129.55773233771703,44.580931219413834,20.88899402764445,20.746449732967122,8,12.0270661357705
140.625379167868,45.58272056476907,27.92620813371931,20.141485784437283,6,12.3230377868616
