25.744047619047617,9.656780487924976,60.192095552005874,5.968219512075024,8,14.567255287802
29.265873015873016,24.42800112282617,50.038935447407326,17.61272637692131,6,13.819342919666
148.46230158730157,12.194635294481246,23.660714285714285,26.471039308693356,8,15.2993547911658
141.41865079365078,19.37280608343688,13.343253968253968,24.253185980055182,8,12.8496227856324
112.64880952380953,33.53532964882205,36.65674603174603,19.127701473960478,8,13.2493388909482
88.09523809523809,32.88690476190476,42.78336702219269,22.631210516723304,8,15.2546927203631
68.5578225147362,27.89564119235975,50.78741558050189,24.806729275734412,8,17.223144697986
87.0034315143256,39.924131582254304,44.29617166027759,19.32686048123776,8,14.4758344899495
125.0208927225259,46.03174603174603,43.877916801283625,20.275067869576663,8,15.8133764035063
88.8174361208243,48.338293650793645,43.47423054584237,24.72718253968254,8,16.1056979943831
31.84706812561629,48.31349206349206,45.79363884846765,17.6609401206944,8,13.7789782203844
32.44047619047619,35.695703585436746,51.13748688220473,20.157471017737855,8,15.9094395636469
