36.904761904761905,53.629522645504714,53.320513120931345,7.153582783019449,3,14.5436836028594
58.63095238095239,47.99107142857142,44.89087301587302,12.80914649398012,3,14.2647330218637
88.95254124416007,47.69345238095238,58.23314101486622,15.649801587301587,4,18.1571788896613
113.83928571428572,48.552433453652924,43.2752710637183,14.939630038410568,3,14.839766135835
77.83235440379819,38.946122931954605,69.93550273905895,14.228480242648569,1,20.2978462533694
44.047619047619044,8.110119047619047,17.609126984126984,31.729884256557135,1,17.6034838165811
49.45436507936508,24.646386539846553,26.240079365079367,25.963350525669448,10,15.3425616468031
50.50147042847295,8.473768266320924,33.92313274613023,43.17779556343503,9,28.2789211751349
93.70039682539682,10.317460317460316,53.24186814316726,6.9942040025538645,3,15.3842542598558
59.522588040927985,7.955639917522134,133.78098338764346,14.663407701525486,9,38.8286737601763
130.35714285714286,44.44354202295543,47.03720923226394,26.613005596092197,1,19.7454015394564
109.91833349314027,22.30433306718615,42.26420618939941,24.049833599480515,10,17.3359643289617
