22.569444444444446,12.871854686845996,71.27363058232021,10.405670086437503,8,18.1722756702213
58.13492063492064,8.953373015873016,56.15079365079365,8.283730158730158,8,14.5952254256529
98.4623015873016,9.424603174603176,64.23611111111111,8.680555555555555,8,16.4834341193096
142.01388888888889,11.07038862119149,20.436507936507937,24.817508204205335,8,13.6721509211064
147.8670634920635,9.771825396825397,22.073412698412696,27.35561402747145,8,15.601429169074
121.77579365079364,17.83234126984127,20.734126984126984,32.242063492063494,8,16.4145589635778
105.2180975170149,9.892870445569457,17.45055327663589,26.81347876077975,8,14.0019837688006
29.613095238095237,21.13095238095238,15.823412698412698,28.37791402033763,8,14.3402453880155
44.742063492063494,16.037432922012783,17.956349206349206,31.060992736460292,8,15.7715493601523
57.49007936507936,17.21230158730159,33.173578580670025,30.603836338066785,8,16.6413059366618
77.62896825396825,17.73313492063492,24.206349206349206,30.084325396825395,8,16.210295038036
35.25507281301989,48.49973562938478,59.28100478541206,18.166931037281888,8,16.248980724537
87.99603174603175,30.679563492063494,19.543650793650794,29.794531505250617,8,15.5478061860154
137.56530846374991,50.02304800093699,24.941560987420754,17.387666284777296,6,10.1621419959999
149.75198412698413,49.24950029940073,21.202955918888374,16.725028275567524,6,9.23356272064589
150.69444444444443,37.123732186854355,20.882390362609794,17.21654559092342,6,9.83638619427533
