162.59920634920636,24.838026231519603,12.103174603174603,28.98141821292485,3,14.4032040612434
123.29398438898782,24.801587301587304,39.00760291259949,24.9384090851355,3,14.4153420681986
129.36507936507937,30.05385800378374,29.017857142857146,25.529827536632617,3,14.2426294313558
94.54365079365078,58.77753348546471,63.39285714285714,10.493299847868629,3,15.7774207147632
94.08637585010452,41.93885117290977,52.19338605465739,12.69904565248706,3,13.6288124476272
105.61737280312798,16.986140848223524,27.169874184928094,30.016443025695718,3,15.1982226796415
52.480158730158735,60.49761636962723,56.547619047619044,6.937899503388644,3,13.3923047399483
59.970238095238095,52.77777777777778,63.010346340213694,8.804563492063492,3,15.1639590628443
72.71825396825396,42.53472222222222,49.98940466106869,13.566468253968253,3,13.1469745674577
80.02862204450987,20.040740594997125,25.34201299293023,24.505248412974982,3,12.7297084756554
39.572668024584885,7.0188492063492065,51.2143557622067,15.8234126984127,3,13.8179723269128
29.656289029563688,16.17063492063492,51.944383712323216,15.45138888888889,3,13.6757001011975
28.37537023328049,29.550669055687532,61.46487605643905,15.93544205542358,3,15.3532806612581
28.689733457991412,39.657738095238095,66.07914983423505,14.258259350097084,10,16.6501808043548
